1.461067984040028556e+01
1.399103648805910893e+01
1.350650976146546789e+01
1.370382793836484581e+01
1.361601405773583373e+01
1.350868976500622942e+01
1.312337004609774915e+01
1.308567848538881329e+01
1.301001012305040483e+01
1.302899673962048688e+01
1.314390937924664904e+01
1.310278482195400329e+01
1.276914890836670935e+01
1.284817768393570780e+01
1.281634889574556091e+01
1.281510622312306502e+01
1.277667969935829895e+01
1.273377141698699511e+01
1.266896845449059406e+01
1.273567861092842435e+01
1.274424037204669169e+01
1.281019049254454245e+01
1.275621246575950352e+01
1.271021034333775646e+01
1.271660441134604547e+01
1.271448982928056104e+01
1.275135953315040105e+01
1.276795748977009559e+01
1.279290811096480773e+01
1.279841143393513647e+01
1.282126886747051486e+01
1.283510818331579806e+01
1.280876738103077805e+01
1.280397273815730053e+01
1.281441566364612328e+01
1.282462556121370945e+01
1.282501275434682952e+01
1.283882904929268420e+01
1.287010279690803749e+01
1.286625177170979306e+01
1.287878625347275374e+01
1.279705566156506968e+01
1.278169092118521100e+01
1.278363292595788714e+01
1.278870848713916963e+01
1.280686849114511006e+01
1.281182226985575134e+01
1.279165665296704724e+01
1.280945096229997482e+01
1.279854664529929487e+01
1.283182970250043020e+01
1.285256826940408992e+01
1.284655802492793164e+01
1.281991786389050070e+01
1.280992626906821208e+01
1.281827256756535149e+01
1.281077161133825904e+01
1.279410508759637821e+01
1.280833474647933379e+01
1.278466604597621803e+01
1.238004855634365775e+01
1.239646288064807322e+01
1.237241871881768596e+01
1.107647667890353915e+01
1.069075210153553712e+01
1.061054922179839721e+01
1.063641158656630381e+01
1.058392449035082805e+01
1.059599204335411571e+01
1.059497885928430527e+01
1.059807661179912941e+01
7.272987398455200925e+00
6.762365695509305219e+00
6.443074924298421990e+00
6.372630377248776234e+00
6.330179179377075194e+00
6.312411111116563056e+00
6.222521414784099925e+00
6.216544936588753956e+00
6.193098288897014747e+00
6.186240845580915249e+00
6.173884991624362328e+00
6.158274955689576835e+00
6.167973701792462293e+00
6.187263503270705733e+00
6.217169957326018626e+00
6.203882676043306788e+00
6.202150857036702547e+00
6.210253174880395299e+00
6.221493705495067417e+00
6.239533817822727535e+00
6.234955413934351931e+00
6.263898804913165641e+00
6.288528375812852289e+00
6.263421692783672334e+00
6.287998772635358335e+00
5.788961532938089682e+00
5.713765849999167479e+00
5.711479894284188674e+00
5.700027387248590038e+00
5.673618115620921110e+00
5.705915315897834184e+00
5.816199801281848103e+00
5.811200640918237070e+00
5.813670123140069812e+00
5.842601912210194648e+00
5.851089804462380251e+00
5.856946313515892122e+00
5.865337402114261245e+00
5.855755355700551057e+00
5.861983290827969206e+00
5.867372984730780949e+00
5.916998777874894699e+00
5.900218981522292516e+00
5.974802704152650357e+00
5.979158605578711594e+00
5.969389038732153985e+00
5.985138673232942352e+00
5.994579625326704964e+00
5.996040186602016320e+00
5.969750499933589971e+00
6.133197778085418328e+00
6.114981160602066090e+00
6.093789499790855047e+00
6.081717712399321130e+00
6.092341330342676997e+00
6.100644654046060822e+00
6.103752707246310472e+00
6.088883377049678636e+00
6.089227836705016550e+00
6.104935337232279657e+00
6.091784774031129501e+00
6.085737414544307278e+00
6.085872609255432941e+00
6.088975850878799889e+00
6.076486200881308974e+00
6.075734138205333146e+00
6.040401976898325920e+00
6.064481809452640704e+00
6.003564376039874695e+00
5.981902300266302319e+00
5.977106326870491593e+00
5.986162422008610484e+00
5.984226368689042452e+00
5.959783464992102431e+00
5.956982090649614037e+00
5.933895466510922923e+00
5.932284401980651545e+00
5.947426379189171719e+00
5.941007063521290377e+00
5.945902418148484969e+00
5.952222624616112512e+00
5.949353769484138077e+00
5.950267551835640489e+00
5.924517744096402971e+00
5.940038467637272390e+00
5.922923025526159790e+00
5.930948774525343303e+00
5.942111004489370352e+00
5.938674007845199831e+00
5.967067898326352982e+00
5.975450908568389785e+00
5.989585806834686998e+00
5.983894798293995620e+00
5.985582649403877298e+00
5.978442169217288438e+00
5.994136800345558846e+00
6.017825956041015445e+00
6.003375001158360647e+00
5.996838842927797231e+00
6.010283051856858627e+00
6.021355974658785470e+00
6.035539158307517305e+00
6.030415802911029743e+00
6.022314441076846769e+00
5.862979856222840347e+00
5.858413074133653531e+00
5.773863467951589001e+00
5.774972902493043847e+00
5.737115695146763450e+00
5.719723010931061502e+00
5.668075502722910386e+00
5.690786093539869306e+00
5.706030045273080553e+00
5.704267301813373159e+00
4.977359173267359438e+00
4.730465664610936649e+00
4.845310089846339707e+00
4.658271324829942550e+00
4.620554648780673013e+00
4.615696748216301160e+00
4.579592914818696237e+00
4.500664048878181056e+00
4.488148735946491996e+00
4.530164758278357517e+00
4.598544636835353749e+00
4.592149657468600488e+00
4.597490295731239129e+00
4.589719065383317975e+00
4.597029299456949047e+00
4.597655673336844551e+00
4.606241944188242954e+00
4.616189717801558068e+00
4.523532932302559040e+00
4.498712165272952923e+00
4.517661598002393752e+00
4.491621288869256823e+00
4.481212703531046948e+00
4.415409802857170440e+00
4.375510038228104470e+00
4.357685685192833169e+00
4.458177610304875138e+00
4.419723757012133269e+00
4.396268730463726904e+00
4.395270893956568337e+00
4.394960083679374740e+00
4.380148808649996006e+00
4.384241149189613829e+00
4.385833701412926722e+00
4.398422341360500809e+00
4.390450294464891989e+00
4.378690933392619833e+00
4.385009997276285709e+00
4.375948237679302188e+00
4.372153039160632915e+00
4.383659392944737831e+00
4.374280825853569254e+00
4.381320670428181074e+00
4.389943440610667658e+00
4.378536072640743626e+00
4.371065227167439282e+00
4.369316032306874931e+00
4.368888552538838788e+00
4.383504392449091291e+00
4.391823428185670508e+00
4.394123996125265386e+00
4.393421364339072710e+00
4.402389152764345503e+00
4.413900492690213895e+00
4.421803108060654353e+00
4.433673024572198251e+00
4.440219938733056537e+00
4.443673682324033258e+00
4.459299471190561803e+00
4.460660174231831476e+00
4.468091551028316566e+00
4.468344981923377368e+00
4.457428482022771199e+00
4.451195535054806918e+00
4.464485176301926650e+00
4.461518240135518454e+00
4.472214310816664096e+00
4.477623997712705695e+00
4.472159746183307583e+00
4.490948584729689941e+00
4.503394393308734145e+00
4.452904235386459852e+00
4.448301737675548928e+00
4.453052670752730258e+00
4.430825511760342117e+00
4.398606956897084252e+00
4.393505364632800614e+00
4.371786024335071019e+00
4.375483715028806841e+00
4.385183579203189019e+00
4.389802568543876404e+00
4.391473514905911202e+00
4.367011203637779282e+00
4.369943456210778621e+00
4.364845652450983771e+00
4.357480188089978945e+00
4.344676835161053852e+00
4.347753079408780863e+00
4.329259028426719169e+00
4.319428768997242152e+00
4.282457634547816916e+00
4.266640378150044377e+00
4.262401009128674367e+00
4.243052814315750432e+00
4.235470277500481551e+00
4.267430629865824443e+00
4.300173046474711214e+00
4.292014454374254662e+00
4.298374356830241716e+00
4.300928250902050110e+00
4.308795558650774460e+00
4.313251810791762786e+00
4.314625577145149826e+00
4.323233327265419312e+00
4.315838724899572654e+00
4.320984913177965403e+00
4.326992441505212561e+00
4.328998380498702225e+00
4.324254982120204538e+00
4.314683145530914032e+00
4.325872355699603489e+00
4.329338069754723684e+00
4.328844218457551740e+00
4.321131483388712446e+00
4.316309599865751245e+00
4.317491096060662947e+00
4.318532258552894909e+00
4.309516042797871371e+00
4.309051287202701808e+00
4.333965730913801551e+00
4.325827023882017563e+00
4.321470328228366853e+00
4.320140694951503768e+00
4.322754799923244740e+00
4.324085255015346796e+00
4.321409248218572863e+00
4.316882917617170357e+00
4.311671942493823906e+00
4.305523943228404704e+00
4.310439101694941932e+00
4.310173721739320563e+00
4.309172154487624695e+00
4.305224434292446389e+00
4.306151328756473440e+00
4.310537874380957923e+00
4.312600913169542416e+00
4.326097281119440474e+00
4.332722406480999489e+00
4.340045188760082162e+00
4.349168284850513544e+00
4.361071714194738824e+00
4.367890718722753363e+00
4.378629447268072461e+00
4.380812316588492017e+00
4.388310919580165503e+00
4.393938746852521504e+00
4.399475084051638341e+00
4.392744024109503265e+00
4.363154690909479605e+00
4.367904493100362551e+00
4.371331511447773543e+00
4.376429741451155486e+00
4.379532714835607798e+00
4.380857943250613395e+00
4.385058410403929408e+00
4.382788874829921077e+00
4.386331333117959197e+00
4.392163736040020972e+00
4.395769258355826103e+00
4.392724997672990739e+00
4.394076227111992416e+00
4.401741836538061392e+00
4.400348186384200666e+00
4.401803299516052093e+00
4.404961514002700973e+00
4.405490935458675317e+00
4.403517677962813792e+00
4.400962404966890951e+00
4.399548557739686672e+00
4.405187948709641255e+00
4.405460420081387163e+00
4.410949126364857698e+00
4.414799225742580546e+00
4.416534891265764706e+00
4.412672187553275727e+00
4.411005198948637407e+00
4.390918124978869130e+00
4.396088670050990466e+00
4.386828065113511421e+00
4.420572518918436167e+00
4.421478956151072559e+00
4.422954780306890932e+00
4.425722521839379198e+00
4.422066405271206868e+00
4.416962004847734491e+00
4.416446905180053228e+00
4.418356163543914583e+00
4.400003372203857843e+00
4.390393143708991808e+00
4.396605344725100117e+00
4.401809353870450359e+00
4.402666899581269888e+00
4.393731708963277249e+00
4.383407733821615970e+00
4.379857504359126352e+00
4.381875772903680577e+00
4.384472063807767661e+00
4.384941715355376246e+00
4.390265355283685444e+00
4.383311656357091302e+00
4.389445550177531352e+00
4.386760698982096862e+00
4.375799199690012742e+00
4.377522640397935483e+00
4.380210781387016361e+00
4.381311984574300489e+00
4.369530741601814761e+00
4.364229841799964760e+00
4.358771194354337020e+00
4.360006679132184537e+00
4.362246806453760506e+00
4.365812579777494484e+00
4.367858753723480092e+00
4.365865282452149110e+00
4.371759420065964186e+00
4.371023596248416965e+00
4.369757856000858531e+00
4.369460628601574470e+00
4.372591962901449136e+00
4.373074040767714443e+00
4.370541171129539215e+00
4.368463583622362201e+00
4.371670180136318251e+00
4.374874688937782530e+00
4.376462933691493085e+00
4.376034936986301638e+00
4.379556352620284088e+00
4.381779321528448179e+00
4.378148928603011747e+00
4.383096766687121004e+00
4.378404823128286161e+00
4.381519855073451097e+00
4.371213678083104348e+00
4.371258032630346513e+00
4.372330788937310864e+00
4.367428587172557108e+00
4.368978317635590969e+00
4.354691476782572401e+00
4.353238948017172483e+00
4.333758143490068271e+00
4.327588927420508824e+00
4.318976519187038399e+00
4.312691811988893953e+00
4.311934349202316774e+00
4.307802100975042237e+00
4.309768789756580176e+00
4.314155053316421906e+00
4.314720175877434727e+00
4.307533468129503440e+00
4.301288900655756642e+00
4.293965156796801352e+00
4.286752422241554505e+00
4.285992579378141265e+00
4.283820177217780412e+00
4.277284306131715397e+00
4.273905482412742707e+00
4.272709661548852011e+00
4.263386859606094426e+00
4.255473341267264509e+00
4.247207223364566353e+00
4.234191516667887178e+00
4.228661365093587143e+00
4.257795969354182475e+00
4.253521165242371893e+00
4.251645738439350453e+00
4.253993807513459124e+00
4.246980444764890450e+00
4.244809089603604590e+00
4.246336954991742907e+00
4.243095805711827317e+00
4.241251917387847570e+00
4.240280057096179611e+00
4.238380011612621345e+00
4.240229354144686269e+00
4.243184986507340106e+00
4.239346911402924967e+00
4.238843013919287195e+00
4.237612595735127385e+00
4.231083056301682355e+00
4.233154916045913652e+00
4.215830479639661732e+00
4.214761587736518322e+00
4.208797488659302921e+00
4.205200604232598671e+00
4.202298842324363015e+00
4.200595024144161194e+00
4.198639592689571209e+00
4.196083004012721496e+00
4.190965931557079749e+00
4.189016255110913356e+00
4.192233165947731877e+00
4.190390677127943775e+00
4.188446758185750518e+00
4.187564898404979807e+00
4.190169862479933727e+00
4.181838372622224576e+00
4.181471829390603467e+00
4.173127289654155803e+00
4.166876502924645287e+00
4.163073477792409882e+00
4.163769229804221261e+00
4.167763945643930157e+00
4.167263139625753787e+00
4.167037871565776541e+00
4.171617064647834106e+00
4.173172641104867076e+00
4.172372077362618725e+00
4.173208814515585452e+00
4.175831931926355267e+00
4.169855873812692515e+00
4.170396301589934573e+00
4.172841284043822263e+00
4.171579166009985684e+00
4.171551839900514480e+00
4.173346387945862546e+00
4.174166024351008808e+00
4.177076727657777155e+00
4.182813192425798299e+00
4.183867675326087721e+00
4.186898580131999559e+00
4.188444086451331039e+00
4.191308391195567751e+00
4.193107894280404757e+00
4.194707929466638952e+00
4.196049449351677119e+00
4.197425976017061799e+00
4.197718886499468560e+00
4.183289067715869614e+00
4.197171182228546904e+00
4.197964050124352475e+00
4.201433513979028866e+00
4.203242728344055656e+00
4.191814290886719974e+00
4.176021438623426896e+00
4.186394916498733743e+00
4.169913130561186954e+00
4.211347197887660876e+00
4.209469288699041023e+00
4.210392992798139389e+00
4.207340998479019767e+00
4.206111926266519419e+00
4.200197985200786910e+00
4.192206296172462210e+00
4.191879739260929050e+00
4.190640541674170549e+00
4.190941355622265441e+00
4.192253869049099357e+00
4.190233873176778090e+00
4.192137391641625577e+00
4.187012978575411104e+00
4.187623829214943250e+00
4.186556534217353409e+00
4.185903284169897098e+00
4.202915576065937131e+00
4.204580439850294837e+00
4.204735931155312301e+00
4.206334335821989789e+00
4.207758794631770272e+00
4.208742092729987228e+00
4.209865964029928520e+00
4.210910783746252051e+00
4.212055333917176014e+00
4.212931159466205777e+00
4.217772352330737107e+00
4.216798031699329208e+00
4.216852351772192975e+00
4.216735410643180693e+00
4.219358275379653023e+00
4.219761211012428959e+00
4.221130525704404057e+00
4.219556111985389713e+00
4.223098018403351972e+00
4.226133445258705379e+00
4.226386404369635308e+00
4.229331863200939345e+00
4.228225518902438473e+00
4.230206473411910473e+00
4.229770138956697956e+00
4.230762036869903930e+00
4.233542070879404484e+00
4.236394144097355152e+00
4.238819168238209478e+00
4.240155842027520272e+00
4.242849488652830736e+00
4.243639990979269250e+00
4.244110571665987486e+00
4.244434950331256395e+00
4.242768650221317550e+00
4.245255407505369227e+00
4.246882381180821397e+00
4.248735556681088710e+00
4.249106375866374741e+00
4.249311751802027359e+00
4.249765892704346903e+00
4.242200118627077465e+00
4.244443466537609844e+00
4.245529219849035307e+00
4.210027464833504318e+00
4.192127596762775354e+00
4.189262693769308932e+00
4.184099556503296569e+00
4.180292389612932702e+00
4.181624910679432539e+00
4.184518504063889921e+00
4.183885378952253653e+00
4.190465595592715253e+00
4.193470424495933990e+00
4.200915941144954147e+00
4.212087220066579540e+00
4.217829661341141012e+00
4.219470141165076349e+00
4.217934438738034864e+00
4.221052636973814387e+00
4.229029810511711673e+00
4.227557396433017978e+00
4.232024359890949938e+00
4.227421810999293150e+00
4.235043411739769503e+00
4.214835609245225712e+00
4.217778535807915397e+00
4.222173162605009189e+00
4.214148763769412831e+00
4.214957817376756566e+00
4.207971562329784199e+00
4.210250627326442618e+00
4.212033314262384032e+00
4.208995291999390709e+00
4.209782288651474857e+00
4.209210689472455691e+00
4.209682485027019361e+00
4.206323397069628101e+00
4.206835323431055151e+00
4.209445923093784181e+00
4.208942968089886882e+00
4.210944325172749636e+00
4.210244569156713190e+00
4.211000821919983927e+00
4.212572265500912572e+00
4.213839669760838014e+00
4.213769882677222078e+00
4.212581851606112870e+00
4.214910618686817045e+00
4.216497355521459767e+00
4.218132764205587470e+00
4.219470130666986840e+00
4.220627460008094189e+00
4.220440823179286483e+00
4.220891444348039201e+00
4.222818457820132210e+00
4.224136000933229163e+00
4.224904254555158722e+00
4.231326883080613221e+00
4.235296451339586987e+00
4.239114153864060874e+00
4.236456025804240078e+00
4.242336366446471274e+00
4.250099251499246833e+00
4.249896706296578230e+00
4.258403221983208198e+00
4.230092187545977822e+00
4.230996858289810980e+00
4.233120020336603950e+00
4.234045360411695214e+00
4.235203812290396108e+00
4.234653205675903642e+00
4.236853746941459775e+00
4.238325348795158654e+00
4.240153111886540316e+00
4.239945834323866514e+00
4.241656595252806916e+00
4.243737590943575277e+00
4.243110184671519569e+00
4.242220254843984684e+00
4.244854112607016283e+00
4.246331950594314897e+00
4.249154986328092853e+00
4.249635613539357593e+00
4.247803731782429537e+00
4.249929338917942445e+00
4.252255158095930021e+00
4.254397820442572531e+00
4.255968714368040473e+00
4.255855612427371426e+00
4.257480206195092265e+00
4.256386156340751903e+00
4.257222913106193829e+00
4.256878410421664150e+00
4.256769698657218548e+00
4.257574960885370352e+00
4.257733656484159468e+00
4.257553275475864929e+00
4.257758130904922389e+00
4.257669106543388260e+00
4.258250184689994278e+00
4.259099740665861944e+00
4.260745288611555104e+00
4.260413947607517571e+00
4.260405132421440477e+00
4.271688335069661058e+00
4.272178899603268576e+00
4.273246241267146139e+00
4.274702448767492058e+00
4.274642814211017772e+00
4.274786322729569044e+00
4.273724068702417611e+00
4.272990702123903084e+00
4.274247024690610353e+00
4.273975716150332893e+00
4.370535495986643149e+00
4.371169695386069698e+00
4.371468042665386911e+00
4.373216730453538759e+00
4.373866577888093410e+00
4.376430189613553345e+00
4.378354816685773088e+00
4.379332978051492020e+00
4.380033386623794378e+00
4.381228562895973511e+00
4.381930467979738175e+00
4.383469530658259394e+00
4.384407782674557552e+00
4.382393836479532290e+00
4.384187973783062020e+00
4.384176443353211994e+00
4.386703535924596942e+00
4.386936824044366467e+00
4.386356208305275395e+00
4.388061174809958942e+00
4.390019790501061614e+00
4.390597813190965759e+00
4.392254915782634050e+00
4.393263356047347301e+00
4.394934275918291000e+00
4.395934761278696534e+00
4.397951246997155117e+00
4.400456519254620780e+00
4.399943447980148470e+00
4.400370250573881314e+00
4.402051845176774059e+00
4.403300106208933862e+00
4.400266925965271803e+00
4.401917668032562680e+00
4.403913444287310242e+00
4.405769549222562809e+00
4.407626193675555193e+00
4.408112426808541429e+00
4.410031632953718805e+00
4.411609127932544006e+00
4.411737263527856001e+00
4.414464860018861181e+00
4.415368040895455870e+00
4.416435979931553568e+00
4.417475522333494276e+00
4.419514399654394410e+00
4.419194237525986502e+00
4.420821718233447051e+00
4.421866676956198283e+00
4.424011499403914804e+00
4.425722099645722274e+00
4.425920436287616333e+00
4.427658456544748766e+00
4.429425647855417481e+00
4.428696580210957023e+00
4.430341469500441498e+00
4.429680843416373470e+00
4.430687310184137750e+00
4.431660388019790453e+00
4.432743381512902481e+00
4.431847825798050700e+00
4.434540718372940837e+00
4.436720919278272390e+00
4.436980291458479719e+00
4.438678886552330560e+00
4.437968576403829246e+00
4.436047991190132045e+00
4.436909672941948379e+00
4.438170206482091373e+00
4.438693657261235437e+00
4.440154888868152128e+00
4.441330864718971760e+00
4.440679350050191765e+00
4.440343878444391379e+00
4.440623197783050813e+00
4.442594454897577982e+00
4.443251096793509269e+00
4.443938697456416342e+00
4.444366800734440126e+00
4.446139338062894630e+00
4.445962204678814977e+00
4.448622585938619700e+00
4.453192664720472926e+00
4.459015870344622101e+00
4.443012747545615149e+00
4.443603748563387690e+00
4.444187264515375269e+00
4.443676652523371295e+00
4.443447479751381657e+00
4.444273636996197041e+00
4.444108866220694232e+00
4.444372679474862586e+00
4.445576863890031483e+00
4.448069887007273238e+00
4.446363162154763238e+00
4.445834673483181732e+00
4.447502585267386621e+00
4.448957951865611271e+00
4.448456324086398794e+00
4.449250493736463419e+00
4.450641877585534978e+00
4.452503296541479472e+00
4.452993811683135128e+00
4.452346579560770401e+00
4.453877389141053023e+00
4.454070814674676804e+00
4.454925918522027573e+00
4.453670308017253276e+00
4.455285804080388878e+00
4.456072240736877355e+00
4.455759827392087757e+00
4.457773854177749406e+00
4.457578394590302473e+00
4.457576970262169702e+00
4.459272892427152080e+00
4.459670143684910215e+00
4.457954551983760005e+00
4.460078208554083545e+00
4.462009026131816825e+00
4.461758315845907319e+00
4.462302314352295518e+00
4.463216044664515714e+00
4.465008457150671184e+00
4.466348804089923519e+00
4.465578133705288444e+00
4.465758044905871138e+00
4.464993190378996779e+00
4.464860843234816024e+00
4.464360662515217015e+00
4.462793861858977529e+00
4.463282051162495101e+00
4.464488373748257466e+00
4.465221742920303605e+00
4.463468581937601876e+00
4.463246130689923596e+00
4.465425180128137939e+00
4.465252330644605472e+00
4.466945455028525913e+00
4.467936321169064584e+00
4.468544258642967115e+00
4.468176743947625873e+00
4.468520015499282572e+00
4.468313718893379693e+00
4.468690512786793967e+00
4.468985013775458093e+00
4.468660747948890233e+00
4.469056768148806036e+00
4.470001099925801746e+00
4.469392447991650918e+00
4.469861458189081205e+00
4.471016227508770591e+00
4.470440707607527209e+00
4.472063425988575425e+00
4.473459240348808486e+00
4.470943103445329747e+00
4.471435030161706514e+00
4.473963245276292966e+00
4.475564618500564862e+00
4.475523375534733894e+00
4.476544689588683568e+00
4.474506623383434523e+00
4.476182334377670102e+00
4.474292189734608627e+00
4.474114351377044052e+00
4.471905014568039682e+00
4.470898661018172682e+00
4.471132696986462207e+00
4.472417411433609935e+00
4.473837142805824563e+00
4.472766902364572417e+00
4.473268747620680053e+00
4.473795568225203745e+00
4.473226799925817510e+00
4.473081629228725653e+00
4.474327510675972341e+00
4.474852469386939369e+00
4.474486943351259960e+00
4.474918862109404039e+00
4.477575953002594034e+00
4.478084271568921970e+00
4.477673260004094935e+00
4.479024216933758851e+00
4.477859455146208312e+00
4.480026158756671428e+00
4.480510742555888548e+00
4.480269593486439383e+00
4.481868178858387175e+00
4.483206693466324388e+00
4.482316305724062033e+00
4.484269549582298175e+00
4.484911828686230173e+00
4.484524344931622331e+00
4.484990039364787684e+00
4.485243647170963577e+00
4.484050432218605664e+00
4.468302470377206070e+00
4.463194933340762560e+00
4.457636412042462304e+00
4.447650437130608481e+00
4.435556515218665119e+00
4.434488756163957213e+00
4.435896337925187893e+00
4.444902742611739122e+00
4.443034603693050144e+00
4.429664624678595786e+00
4.425178126952400426e+00
4.416279697218068456e+00
4.404777842148511091e+00
4.399463640208537640e+00
4.397935946624295767e+00
4.397612831470675054e+00
4.389475402601154208e+00
4.397600694725772641e+00
4.404113876182053744e+00
4.394906861832619249e+00
4.404124351428964523e+00
4.396885979873369266e+00
4.413144870782240936e+00
4.322873338618430594e+00
4.320695507465424967e+00
4.313055367470234991e+00
4.267049449374137993e+00
3.997781051016295439e+00
3.838680399739123672e+00
3.799626941852744633e+00
3.769602346962292572e+00
3.742042536186945156e+00
3.727563095227342860e+00
3.708685079895416958e+00
3.698291090796136160e+00
3.701892982756481931e+00
3.697886614975271602e+00
3.716043183745624479e+00
3.705186949021378684e+00
3.706944045230576190e+00
3.707006578193375645e+00
3.715435658851690803e+00
3.719190439489749256e+00
3.720024968240245755e+00
3.733732184358518946e+00
3.738951034125573614e+00
3.743251266068244210e+00
3.758360307054717353e+00
3.756590961126564210e+00
3.776157200583451612e+00
3.761763432060967194e+00
3.759859039514002799e+00
3.758326947952481678e+00
3.756312467455418247e+00
3.750276040382235720e+00
3.746265535832433713e+00
3.754482548841979295e+00
3.754502419898530174e+00
3.755579160204731703e+00
3.773053909346891999e+00
3.773591848367253476e+00
3.774797275437613120e+00
3.773409734658656145e+00
3.771896356942915585e+00
3.772669103781412847e+00
3.772896843298237268e+00
3.773301070636499777e+00
3.774629748303762966e+00
3.775553823414112387e+00
3.777089961163621279e+00
3.776404794075901350e+00
3.779814704412066906e+00
3.781431246738188090e+00
3.783351043906477695e+00
3.784681389298084841e+00
3.785908007575271572e+00
3.786266864576171898e+00
3.788018278454666099e+00
3.788055305753895485e+00
3.787322558339788259e+00
3.784486857320756403e+00
3.785808751550455042e+00
3.787358542333748357e+00
3.786862143070227393e+00
3.802980844821424622e+00
3.802179074337887155e+00
3.803123819394504945e+00
3.804403714800299596e+00
3.803337343664357828e+00
3.802987556172314765e+00
3.804559050740662141e+00
3.805059718627177290e+00
3.802374330677366299e+00
3.801650487119538457e+00
3.800569985655599226e+00
3.799299680167825155e+00
3.799640520905773755e+00
3.801479112175101704e+00
3.802768401513533902e+00
3.803226079880333899e+00
3.804139924093028480e+00
3.804766471701952923e+00
3.804522997291416075e+00
3.805346994926464443e+00
3.805509424981100342e+00
3.808502295957280737e+00
3.808848642010259855e+00
3.807562734123826953e+00
3.808502428803883788e+00
3.808137111213536929e+00
3.808615257841556190e+00
3.807559831776037740e+00
3.810150996177644078e+00
3.811009524519266112e+00
3.810726826748920271e+00
3.814665396649985052e+00
3.817547909260948114e+00
3.816763397001809111e+00
3.814592912971440430e+00
3.814388795953455258e+00
3.812604546068246503e+00
3.811539199039449155e+00
3.812398146806649901e+00
3.811017767624536479e+00
3.811336955187233144e+00
3.811630514168204087e+00
3.813489741987813986e+00
3.812039175185551798e+00
3.812606868663702020e+00
3.813025388245248504e+00
3.813258901836855230e+00
3.814312906945046766e+00
3.814028594834617092e+00
3.803254167719314793e+00
3.803726660114018276e+00
3.804119827199633264e+00
3.805033026909372396e+00
3.806135134075124160e+00
3.807141282451600883e+00
3.806940414128480388e+00
3.806844926112400440e+00
3.807750409055366436e+00
3.807378967318350238e+00
3.808047180059102477e+00
3.809418690158448140e+00
3.801753763570317357e+00
3.800090942388794968e+00
3.800749070823679521e+00
3.800034466934369082e+00
3.799122715862035538e+00
3.798633400226699930e+00
3.798950738108873182e+00
3.799024596307779778e+00
3.799134720152166356e+00
3.799866081441230836e+00
3.799827011247979502e+00
3.799630325352568505e+00
3.799187006332909178e+00
3.799050794198658210e+00
3.799496450799833891e+00
3.801828143774523827e+00
3.800725391306519985e+00
3.801259253997670395e+00
3.800745963720920884e+00
3.801264925089807623e+00
3.800892759629197482e+00
3.799728998646386913e+00
3.800181776602566064e+00
3.799794244376462515e+00
3.799230820479669202e+00
3.799186469552080947e+00
3.799342547571991968e+00
3.797051959983197111e+00
3.795882648980671181e+00
3.796285138653097579e+00
3.795705366477085452e+00
3.795454887306263458e+00
3.794293946967551623e+00
3.795528369249092648e+00
3.792975901958152818e+00
3.790712967490601937e+00
3.789312472386515029e+00
3.789385209746158001e+00
3.789904573825339629e+00
3.789020474799779326e+00
3.790025322594161583e+00
3.787501728187238736e+00
3.785858536863999646e+00
3.787071360258245534e+00
3.786799517053983877e+00
3.786917527943558071e+00
3.785856210244173070e+00
3.786305555589736027e+00
3.786775767132821269e+00
3.786815085809799086e+00
3.786249409877244787e+00
3.785497385744345689e+00
3.785839731600781466e+00
3.786920213057479057e+00
3.786028445508603735e+00
3.785150752409913721e+00
3.786060831560730477e+00
3.786412956156370857e+00
3.787665806845609495e+00
3.787963448741839656e+00
3.787335706725997841e+00
3.787977621026854980e+00
3.788975303039076703e+00
3.786990793140308842e+00
3.788726555477837987e+00
3.787320644753680909e+00
3.785725578780670730e+00
3.786001067412772425e+00
3.783591963655295043e+00
3.783545787504419167e+00
3.781893285587606623e+00
3.778245277374338684e+00
3.779449284005073295e+00
3.780003028559756562e+00
3.780412642731388217e+00
3.781683221156288965e+00
3.783313054323560465e+00
3.781568084321939249e+00
3.782277004096251449e+00
3.783126417063254365e+00
3.783316869748853062e+00
3.784525196901792565e+00
3.785371886863580837e+00
3.785868369098428499e+00
3.787499327935452964e+00
3.787293723560431147e+00
3.786149724204897371e+00
3.786143117852738715e+00
3.788258537397711123e+00
3.789460724634629241e+00
3.784985243064040272e+00
3.784189689652713628e+00
3.784426106040954974e+00
3.780097723162075152e+00
3.779025330968695418e+00
3.774863041898666172e+00
3.791952353650678287e+00
3.792537411903548872e+00
3.791867408763577085e+00
3.792320479502180319e+00
3.792147025239854585e+00
3.791556658855862239e+00
3.792214718020010977e+00
3.790243371712583187e+00
3.788378493903666211e+00
3.787467334032125432e+00
3.786952218236363077e+00
3.785827323321922844e+00
3.780387458642191945e+00
3.776302350641044914e+00
3.778504079953730166e+00
3.791343264269822821e+00
3.794598273683016387e+00
3.793580414723001226e+00
3.794124387229182105e+00
3.794017663544369423e+00
3.792643042758470084e+00
3.792622399665411148e+00
3.791713085515215909e+00
3.792349807282514362e+00
3.792208445818337825e+00
3.791925965448165403e+00
3.792408259960866612e+00
3.791390712571553578e+00
3.789931807926375296e+00
3.790757238937811024e+00
3.790055795576000808e+00
3.790232871962680772e+00
3.790576947983918199e+00
3.791635394470745712e+00
3.791526541678585271e+00
3.791783140387659401e+00
3.792036207665957281e+00
3.791402438054764179e+00
3.789684953782459953e+00
3.788528613559013269e+00
3.788430884387116837e+00
3.789385878913078098e+00
3.790062591955988491e+00
3.790585462969348729e+00
3.791442920267410255e+00
3.792627036978351018e+00
3.791309941135132533e+00
3.794175220788783776e+00
3.796953539184676263e+00
3.798396439267471170e+00
3.791442511722340925e+00
3.791514987359507760e+00
3.790467705291214795e+00
3.789800331174183246e+00
3.787784179319429345e+00
3.786539886058173376e+00
3.784294774213705193e+00
3.784887965931284626e+00
3.785107960768665958e+00
3.785112671062460521e+00
3.782885881608331502e+00
3.782678146065434177e+00
3.783909092643753969e+00
3.784215428485707466e+00
3.782093415804546055e+00
3.780993216938448587e+00
3.781877153350376997e+00
3.780416183888401616e+00
3.781044742815630411e+00
3.780433684992974719e+00
3.778518157842730485e+00
3.780417042451572396e+00
3.780641798016563637e+00
3.782498236234385303e+00
3.774412625263507071e+00
3.769720211154018674e+00
3.767014983945290663e+00
3.762787806036790528e+00
3.764621922721847369e+00
3.760477530587408967e+00
3.756483381544813316e+00
3.753500849424119767e+00
3.754427201012360715e+00
3.751799369899283310e+00
3.748367891706445132e+00
3.743672779901695780e+00
3.740439597443847575e+00
3.736054747005955523e+00
3.733697939472210958e+00
3.730992738574077539e+00
3.729012154436292192e+00
3.730689729025062462e+00
3.730780408116011415e+00
3.729103245873137684e+00
3.731240977287235250e+00
3.734096589407051692e+00
3.735032758600520975e+00
3.731871502198908619e+00
3.733128197748778021e+00
3.732768904057485404e+00
3.731222438241403427e+00
3.736959101795165328e+00
3.734960595762295554e+00
3.735191851591133982e+00
3.735459808285579886e+00
3.733928018007603544e+00
3.734223109270338181e+00
3.732553408622452107e+00
3.728764192291796231e+00
3.732290100668812727e+00
3.730526949396041569e+00
3.729306162958745841e+00
3.728227756121969438e+00
3.728815173534926419e+00
3.726491703784024612e+00
3.722902181335812077e+00
3.721964183766313550e+00
3.716690969434238934e+00
3.716366082219892508e+00
3.712852114918376412e+00
3.710053340332158722e+00
3.707898918951778811e+00
3.706507463102892697e+00
3.707722263014270769e+00
3.706007180854753447e+00
3.707891418216510360e+00
3.705563445654817656e+00
3.705692987237362512e+00
3.703744279682553486e+00
3.703451765638102078e+00
3.702612083209710025e+00
3.707700257621597384e+00
3.706412386679463378e+00
3.705226665977916500e+00
3.703955547520303426e+00
3.704097828411388793e+00
3.704642836152274299e+00
3.702899992571956123e+00
3.702100261905842959e+00
3.700673694017402315e+00
3.700816325255242845e+00
3.702665999583278467e+00
3.704399665059975089e+00
3.705880680344573630e+00
3.706378235772206597e+00
3.705704797151641028e+00
3.705157036776062451e+00
3.704096497660620102e+00
3.704692886010418906e+00
3.703553123262627977e+00
3.703116650688954348e+00
3.702970113751640202e+00
3.704207119183027697e+00
3.703756800635188196e+00
3.702755519900869263e+00
3.703760103296191986e+00
3.703788311224940788e+00
3.702288965157686018e+00
3.703071916267759445e+00
3.708465679982971164e+00
3.705290325220496950e+00
3.704385016024066335e+00
3.704410457850750404e+00
3.704869498454725463e+00
3.704493836567769094e+00
3.706162461857836821e+00
3.705285729673809314e+00
3.704990744587797646e+00
3.703958899199475852e+00
3.705227738196918974e+00
3.704826989299048190e+00
3.704847834843025378e+00
3.704270953761572116e+00
3.702259469844711770e+00
3.696833987361350271e+00
3.695405437777894431e+00
3.698656052717748111e+00
3.697814321453363196e+00
3.696577156850016976e+00
3.695723524209151289e+00
3.696724242747423617e+00
3.696488814166186909e+00
3.695290958177942731e+00
3.695648033769481255e+00
3.695616175837360018e+00
3.694011569112472859e+00
3.694047070548968303e+00
3.695494185725840541e+00
3.698215355567908258e+00
3.698927797187502531e+00
3.699409523974072300e+00
3.698019596960422817e+00
3.699654347633293039e+00
3.699421114368339314e+00
3.700702378046644814e+00
3.699526788380949061e+00
3.700452953500928732e+00
3.701707170603972585e+00
3.701317266379532622e+00
3.701797542185195855e+00
3.700938645864590537e+00
3.701564333212908675e+00
3.701162767413997301e+00
3.700268344201910864e+00
3.700040493232409577e+00
3.700752478434485848e+00
3.700222432876765666e+00
3.699740820787952966e+00
3.699627125037702857e+00
3.699797910883719343e+00
3.702727675131913809e+00
3.703366300050840110e+00
3.703604468378198789e+00
3.704781452414115162e+00
3.705371367814218164e+00
3.706113894480591142e+00
3.708547321149408216e+00
3.705552868601227789e+00
3.707648807581865658e+00
3.705943351144870501e+00
3.705918976618889360e+00
3.704310688698942755e+00
3.705028963154385568e+00
3.704169915034908112e+00
3.702673714226246915e+00
3.703323230795815935e+00
3.702761722146764356e+00
3.703043400247740369e+00
3.703628644495331468e+00
3.703832369650917666e+00
3.704829729240571634e+00
3.707615793089433343e+00
3.707667847082228629e+00
3.708915117482601165e+00
3.708399364324013181e+00
3.710870838693724583e+00
3.711060106611576703e+00
3.709561175646304054e+00
3.709340361516460849e+00
3.707552781100053707e+00
3.707711365460320874e+00
3.707997405035204252e+00
3.707865020946844226e+00
3.707593079361132027e+00
3.707327374627450656e+00
3.706406783412259376e+00
3.705418467515178005e+00
3.705493026520422006e+00
3.704909796793546040e+00
3.704408516034022103e+00
3.704130935551459558e+00
3.704782533050332116e+00
3.705971023697861355e+00
3.705556348247743159e+00
3.706306799852782774e+00
3.707028662750551096e+00
3.707698486918161063e+00
3.709043508151426138e+00
3.708778584562832492e+00
3.708772647964127867e+00
3.709985957257850853e+00
3.708523358167419293e+00
3.708854456918796227e+00
3.714755576898026490e+00
3.714188385062239472e+00
3.716719682768797384e+00
3.716304235255424526e+00
3.719198985295313786e+00
3.723401644709612768e+00
3.727952028072676782e+00
3.733661875395622776e+00
3.740155177454037361e+00
3.717239162513431783e+00
3.717881363948436491e+00
3.718601667406767675e+00
3.718233658338061520e+00
3.718730520436361431e+00
3.719996054014476083e+00
3.720926469309310036e+00
3.721280753634832461e+00
3.720349236671125936e+00
3.718822188485500391e+00
3.718482782822464472e+00
3.718977713236464311e+00
3.719561694414985187e+00
3.719077630953632863e+00
3.720660552337661908e+00
3.720960833184423944e+00
3.721520296750416179e+00
3.721075884759453611e+00
3.722138342550891821e+00
3.723417431105857656e+00
3.723474004053819453e+00
3.723364824757346980e+00
3.723680876553057129e+00
3.723146470646563788e+00
3.722712192095255279e+00
3.723083641040233704e+00
3.724140531138992571e+00
3.722895337167039909e+00
3.722440436851401468e+00
3.722069630904189186e+00
3.721436355350978165e+00
3.721281487982905478e+00
3.721178240464935172e+00
3.722520568807221153e+00
3.722582213996733724e+00
3.721068466172406275e+00
3.723005968241949848e+00
3.723244765355977037e+00
3.725537726459881238e+00
3.724922450522768269e+00
3.725512803580306453e+00
3.721274514267547406e+00
3.720495076949821733e+00
3.720154597131836383e+00
3.717291601070632279e+00
3.717209492876953902e+00
3.715679714262482225e+00
3.717745646908361845e+00
3.717215064579983075e+00
3.716901592183603054e+00
3.716253706564254244e+00
3.717149960277751575e+00
3.718767465656485527e+00
3.711967132086359644e+00
3.711838350883414961e+00
3.709805567638065238e+00
3.709791974516990276e+00
3.707472703228326782e+00
3.707032047611363623e+00
3.707181127342295657e+00
3.707420476263053377e+00
3.708503124911490811e+00
3.709235711786084355e+00
3.709968113980737225e+00
3.709339510219065161e+00
3.709227456675879608e+00
3.704789239902799292e+00
3.705288576671902145e+00
3.704444696247524593e+00
3.703929483065989459e+00
3.704036825577711411e+00
3.704461418248089277e+00
3.705002305592072442e+00
3.706280839743384181e+00
3.708202834918026713e+00
3.708506440816336180e+00
3.708468186309456627e+00
3.709181885648154431e+00
3.708687887184151322e+00
3.708611122816983130e+00
3.707411390415256580e+00
3.707895724194756770e+00
3.708215369727682287e+00
3.708233964614558786e+00
3.708014900166283212e+00
3.707474427096938641e+00
3.707069331436617876e+00
3.707127584190573533e+00
3.708167540941464058e+00
3.708082613642368131e+00
3.707704056473513088e+00
3.707889672403906101e+00
3.707956989391916647e+00
3.708121325560424619e+00
3.708414177124032651e+00
3.708777944674291671e+00
3.708978183712925425e+00
3.709585883680611484e+00
3.709381358359703729e+00
3.709315327013159802e+00
3.709672713708753289e+00
3.710639875605115545e+00
3.709678186421631718e+00
3.709860935561231088e+00
3.710284546982766329e+00
3.710386741700242297e+00
3.710733421794553788e+00
3.711479562675137789e+00
3.712140757260005586e+00
3.713237431457367510e+00
3.712906182438189262e+00
3.712853780948337956e+00
3.712945618439510653e+00
3.713072389754008551e+00
3.712698353057978462e+00
3.714514268460767710e+00
3.713987389845673448e+00
3.713881769579245429e+00
3.713825703773227627e+00
3.713645034597085282e+00
3.714466385670007753e+00
3.714690313763621798e+00
3.714650431726330471e+00
3.715134448448559557e+00
3.714995204936931916e+00
3.715245230278794164e+00
3.714916169922175992e+00
3.714754199841185045e+00
3.714485099742781404e+00
3.714064300563944432e+00
3.714080798108201353e+00
3.714304219537970297e+00
3.714713707451996694e+00
3.714842460517231881e+00
3.715383478114640425e+00
3.715202994580213858e+00
3.716033684661626868e+00
3.716279070686558494e+00
3.716461556202949268e+00
3.716650598878592948e+00
3.717453514242953005e+00
3.717843857156536203e+00
3.717962523199241698e+00
3.717710521086029729e+00
3.717167687181555547e+00
3.716567923137848783e+00
3.715673641399500848e+00
3.716436744690466032e+00
3.717030690242848934e+00
3.718788410876586070e+00
3.718634558972019999e+00
3.718653349062485791e+00
3.719852437667411582e+00
3.719753350088675692e+00
3.719519855991416435e+00
3.719895333750197874e+00
3.720323933309542142e+00
3.719783217428359823e+00
3.720686838952143916e+00
3.720102083280394822e+00
3.719420581082933719e+00
3.720488036706093737e+00
3.720955051453075146e+00
3.719221960458516829e+00
3.718527722964607207e+00
3.718959212700929218e+00
3.720393663498288372e+00
3.720129821576662721e+00
3.720087885877239486e+00
3.720002041240443535e+00
3.720220411073940969e+00
3.720103313325823446e+00
3.719709797157674913e+00
3.719805679417760746e+00
3.720059621918589965e+00
3.720625603843238149e+00
3.720698715766478148e+00
3.721635176812433610e+00
3.720775471709621751e+00
3.720921389410680735e+00
3.721099775775867702e+00
3.721938857634720321e+00
3.723045479624362830e+00
3.725024596599144200e+00
3.723060606855295163e+00
3.723247707685425567e+00
3.723273660349034397e+00
3.722530551742098126e+00
3.722338165334579063e+00
3.723435135405523067e+00
3.721533742241000642e+00
3.721484148806847525e+00
3.721528418927461335e+00
3.721593592808834838e+00
3.721643316368409060e+00
3.720741564354667741e+00
3.720480046411097419e+00
3.720764499685300652e+00
3.716738776152444412e+00
3.716808096207445899e+00
3.716348893235151607e+00
3.716160778265658937e+00
3.716697013117759685e+00
3.717212492990116690e+00
3.716544132480146256e+00
3.716970597759623018e+00
3.715528653010074844e+00
3.715444043980320021e+00
3.714605455852652671e+00
3.714253267019010263e+00
3.713701790457040186e+00
3.713666008317177525e+00
3.712884606706335244e+00
3.711467732959617738e+00
3.711468441699403709e+00
3.711772161984509655e+00
3.711664872833654982e+00
3.711424787127839409e+00
3.710868200607932099e+00
3.710790349395524768e+00
3.711299699556355858e+00
3.711302402599901740e+00
3.712150966280698849e+00
3.712992452277214195e+00
3.713203156548673167e+00
3.713193775061251589e+00
3.712909563492478693e+00
3.713827229279088815e+00
3.715022895881574971e+00
3.714830996523890594e+00
3.714680121534709389e+00
3.714819789333163147e+00
3.713656262670444352e+00
3.713542193583014406e+00
3.712648647782630817e+00
3.712366625134086551e+00
3.713874541977249422e+00
3.714682384137675708e+00
3.716138220758116617e+00
3.714697999587029287e+00
3.715930257399181702e+00
3.716744957996136023e+00
3.716217094697672252e+00
3.715463601799859461e+00
3.715519911718059287e+00
3.715854929114941640e+00
3.716726847182629800e+00
3.717671580855219204e+00
3.718754264099963791e+00
3.719897685559260481e+00
3.720034754118509479e+00
3.719871828454655027e+00
3.719967406620162453e+00
3.718690470456427644e+00
3.718535940235472292e+00
3.719272046467136494e+00
3.719960913051330920e+00
3.720295287517962013e+00
3.720212153568832392e+00
3.720338493661973001e+00
3.720222969846524563e+00
3.720352437115158395e+00
3.719326820995558336e+00
3.719832614219023004e+00
3.719889358964992621e+00
3.720013163976167547e+00
3.720932965067898834e+00
3.721518666959983790e+00
3.721746714689750046e+00
3.721311801294072907e+00
3.720572950252215350e+00
3.720301830967815970e+00
3.720712729266415053e+00
3.721556348511193324e+00
3.722287243267111023e+00
3.721627264891419262e+00
3.720515600035545933e+00
3.720487598904225646e+00
3.718468754386799802e+00
3.718369893583394870e+00
3.717706764521581775e+00
3.717749831670367211e+00
3.714869180665033355e+00
3.714258782235032808e+00
3.713900882472083165e+00
3.714396214610024227e+00
3.713879632860798807e+00
3.712995249756547711e+00
3.712820887943566461e+00
3.713158834105073414e+00
3.713572507260979094e+00
3.714140561784430528e+00
3.714072652636115635e+00
3.714645649133005545e+00
3.712795394302698337e+00
3.708727512218398470e+00
3.708863807332608786e+00
3.706596271275648835e+00
3.700919952096120458e+00
3.699146574757268269e+00
3.696233067659402405e+00
3.695577563895704021e+00
3.694494009714850424e+00
3.698829459149786558e+00
3.698882616535257295e+00
3.713561166026960070e+00
3.713929503954785716e+00
3.714709328884584494e+00
3.715018027427660741e+00
3.715129745538673145e+00
3.716015951370919002e+00
3.716521811344104531e+00
3.716644315289107769e+00
3.716786368050422951e+00
3.716575429565736055e+00
3.716579266049958363e+00
3.716754684269201636e+00
3.715473481173909409e+00
3.715240061775092695e+00
3.715640247668605678e+00
3.715905371952896719e+00
3.714661761995987188e+00
3.715019122743711488e+00
3.714952599369777175e+00
3.714921043977218673e+00
3.715464143495308402e+00
3.715728093170637791e+00
3.715807584473155512e+00
3.715181960727347743e+00
3.715699287606939905e+00
3.715386427163345218e+00
3.715353381751017370e+00
3.715737733080034300e+00
3.716057098019231120e+00
3.719199012653064074e+00
3.719137773506809186e+00
3.718554884265920624e+00
3.718730373256438071e+00
3.717313083991515388e+00
3.717285703694193089e+00
3.717134066220134869e+00
3.717347152625473328e+00
3.716216807245082521e+00
3.717061125168163560e+00
3.717230595146078453e+00
3.719127101217155840e+00
3.721919641437798187e+00
3.721271893030265066e+00
3.715048659669990538e+00
3.714699289658596637e+00
3.714725490002880548e+00
3.715254384232370199e+00
3.716672936066818256e+00
3.715925279403913262e+00
3.716354462694749117e+00
3.717059045608548828e+00
3.717057156899854942e+00
3.716570956429420036e+00
3.717652028303388700e+00
3.718583830456069439e+00
3.718360746289272267e+00
3.718483243570116503e+00
3.718317761146272105e+00
3.718307940041797988e+00
3.718839941982768682e+00
3.718546811183743639e+00
3.719395829404807952e+00
3.719865199431112490e+00
3.719601186056033182e+00
3.719955517474222706e+00
3.719034452354333720e+00
3.719339139895998958e+00
3.718546529401756118e+00
3.718596978056184721e+00
3.719445768289360021e+00
3.720596464109407364e+00
3.721520218598624030e+00
3.721990284178284814e+00
3.721455733812135236e+00
3.722939756927462707e+00
3.723197208937909064e+00
3.722746844821325229e+00
3.722905502994622751e+00
3.723441979221034259e+00
3.723020806495977997e+00
3.723518486428202490e+00
3.724214698235483123e+00
3.724196846691365526e+00
3.724627598459109290e+00
3.724936957387999126e+00
3.724799479807115343e+00
3.725795594920166653e+00
3.726226656934023662e+00
3.727293747656560186e+00
3.727413063771635837e+00
3.726396592085602588e+00
3.726390869426651431e+00
3.726403310649057943e+00
3.727467581119201956e+00
3.728577617325140370e+00
3.729287455079854041e+00
3.727638219421665955e+00
3.728750101130618777e+00
3.729007502518193906e+00
3.729050828433017273e+00
3.728365671977959650e+00
3.729047561820312051e+00
3.730110768491888162e+00
3.730216384228631110e+00
3.730889883696297815e+00
3.728538482381580366e+00
3.727703486451158010e+00
3.727071133528774727e+00
3.727288922320628473e+00
3.727049175930501779e+00
3.726782378652253147e+00
3.726826089526320107e+00
3.726154059549366959e+00
3.726815951476343702e+00
3.727246561504355071e+00
3.726567932948745110e+00
3.726717869967430374e+00
3.726398433703414614e+00
3.726403686675853422e+00
3.726890222813580067e+00
3.727103568683850288e+00
3.726827630192576901e+00
3.727598978749023129e+00
3.728582455162930742e+00
3.729625952917984488e+00
3.730537782484114384e+00
3.729043950806512964e+00
3.728772793310193290e+00
3.728571050556904520e+00
3.728827949004285713e+00
3.728470300744007648e+00
3.724655209792993915e+00
3.723812257107514068e+00
3.724148070002514022e+00
3.723158651427825205e+00
3.721761947058662923e+00
3.721670323627227717e+00
3.721890656268746600e+00
3.721005901862763920e+00
3.721182748205498658e+00
3.721089124408745175e+00
3.721943461786791030e+00
3.722415932666758298e+00
3.722732357632684508e+00
3.722636749134185408e+00
3.723328755399229806e+00
3.723834194539831444e+00
3.723482523797532640e+00
3.724397133659897552e+00
3.724646881039403112e+00
3.725347756734032956e+00
3.724785710666248306e+00
3.723553845253456007e+00
3.724217011173017067e+00
3.723421696501158618e+00
3.724088413411619225e+00
3.724319651295843414e+00
3.724008849586835534e+00
3.724205250770380005e+00
3.724591626831943447e+00
3.724311866119407899e+00
3.722977094549264621e+00
3.721204456783880676e+00
3.721964849136263798e+00
3.721905639505999730e+00
3.720110783415355726e+00
3.720099141903039364e+00
3.719897600243258662e+00
3.719539343671621534e+00
3.719971806680260062e+00
3.719838126447085003e+00
3.720473996964920982e+00
3.719901425252603033e+00
3.717308953602849186e+00
3.716428670462299966e+00
3.717576570210449294e+00
3.718543256889638382e+00
3.720694233081684121e+00
3.718370646769312504e+00
3.718323443723866806e+00
3.717490643727582977e+00
3.717498580607309311e+00
3.717754436099189874e+00
3.716719553027225675e+00
3.716293645860560435e+00
3.714979875024512435e+00
3.713964015225431847e+00
3.713494581928773020e+00
3.713796395549423313e+00
3.712917223131524835e+00
3.713508833098005280e+00
3.712379150714705478e+00
3.712190858932352899e+00
3.709818017049902661e+00
3.709598718330437084e+00
3.709637070280439541e+00
3.709456484784237507e+00
3.708926034119575110e+00
3.709027855446995758e+00
3.709542094784499700e+00
3.709968573164797334e+00
3.710710621393388475e+00
3.711165992471567865e+00
3.708508185429487458e+00
3.708859022280080353e+00
3.709283888337887802e+00
3.709571179927838802e+00
3.709743612394918788e+00
3.767778686140332400e+00
3.767948121061303723e+00
3.767800051562555819e+00
3.768270870574661036e+00
3.768714138129879654e+00
3.769034346406161529e+00
3.769531197463072747e+00
3.769506544197536613e+00
3.769769798035309094e+00
3.771621892608413962e+00
3.771922736842704182e+00
3.768772926996625916e+00
3.767539321975297728e+00
3.768224637050813897e+00
3.767948308974171656e+00
3.767053203148896134e+00
3.766836960044132709e+00
3.767147620808080077e+00
3.766752377234773075e+00
3.766380215639528739e+00
3.766350845852008078e+00
3.766316917089069349e+00
3.765374164015017566e+00
3.764984073270937870e+00
3.764309461755189545e+00
3.764176584492085365e+00
3.763696825026660253e+00
3.763309852787118270e+00
3.762737204867224960e+00
3.763320519176988288e+00
3.761943328146430066e+00
3.761841192300833026e+00
3.761133131908255489e+00
3.761090343826770432e+00
3.760780815579652714e+00
3.759921458994277543e+00
3.759874675326882354e+00
3.759637749108859506e+00
3.759325942342434335e+00
3.759532209544768744e+00
3.759745765126722983e+00
3.759943761809344309e+00
3.759962181960081029e+00
3.760578122903476928e+00
3.761453310238505932e+00
3.762226072321932069e+00
3.762317251975579868e+00
3.761300961019886646e+00
3.761850099353619470e+00
3.762168045955415874e+00
3.762695330178376096e+00
3.762816818768194072e+00
3.762831593123447060e+00
3.763239597395607650e+00
3.762817666392388016e+00
3.762743071765818570e+00
3.762536553862499300e+00
3.762307506663802315e+00
3.762969247899917491e+00
3.763200393977289782e+00
3.763115124686918112e+00
3.763810851350804842e+00
3.763692125933944865e+00
3.762639891035961082e+00
3.762623817180164476e+00
3.762262274363501025e+00
3.762065829164691788e+00
3.762435575671842614e+00
3.762721597810993135e+00
3.761915221229461093e+00
3.761007135081129604e+00
3.761167480911226324e+00
3.761464712621933604e+00
3.761170449861432896e+00
3.760479680289678939e+00
3.761055794968549026e+00
3.761187588209889743e+00
3.761043762489501674e+00
3.761418795704660312e+00
3.761528633060358118e+00
3.761815716471552662e+00
3.761477463099363039e+00
3.761620026480390067e+00
3.761793603756117932e+00
3.760999231722921277e+00
3.761416206085411940e+00
3.761092735811346177e+00
3.760905123826371987e+00
3.760519659943637460e+00
3.759028629273009070e+00
3.759161410844031881e+00
3.758864425891616623e+00
3.759368629371858006e+00
3.759800836684322523e+00
3.760605627476871771e+00
3.760302177504732057e+00
3.760668081410795338e+00
3.761321919301888972e+00
3.761847215484068752e+00
3.761871969471767940e+00
3.762187245355694376e+00
3.762300215740870701e+00
3.762379121847011731e+00
3.762125260657945613e+00
3.762512973053492971e+00
3.761377591412945254e+00
3.761087758974792639e+00
3.761380084541866342e+00
3.760838679552222619e+00
3.763363903372178410e+00
3.762656262257896955e+00
3.764305939948791035e+00
3.764334579301972905e+00
3.766538524885868267e+00
3.763148374947646868e+00
3.763601058772020114e+00
3.763696077376476268e+00
3.763769955322404659e+00
3.764259806721814261e+00
3.765019668629927541e+00
3.765405896601463187e+00
3.764573598691249412e+00
3.764690521730376549e+00
3.764718723947806378e+00
3.764133499148028861e+00
3.763718821015876514e+00
3.763756855929750511e+00
3.764026857467674514e+00
3.764176207521243267e+00
3.764613505985270780e+00
3.764728854408993630e+00
3.764873006268525391e+00
3.765688171438444698e+00
3.766738522449858184e+00
3.766815253247707940e+00
3.766292728092125675e+00
3.765605371094128628e+00
3.765269337415455997e+00
3.764947492783125682e+00
3.764561066657455601e+00
3.765284098774791754e+00
3.765997396681043607e+00
3.766510888402411883e+00
3.767047323559522543e+00
3.767731594802967710e+00
3.766848776040188529e+00
3.766973623220869261e+00
3.766621091315220937e+00
3.767277776271424461e+00
3.766620180596179424e+00
3.765728328390653079e+00
3.765732660608875459e+00
3.765746458361451943e+00
3.766574204175295204e+00
3.766588542132646378e+00
3.766575775106238311e+00
3.766809829244586183e+00
3.767516477941803554e+00
3.767860246615136077e+00
3.767830759774787097e+00
3.768315931524358842e+00
3.768482947908317726e+00
3.769390583225465274e+00
3.769702429134623056e+00
3.769162854484129799e+00
3.769668094651050350e+00
3.769253036080102870e+00
3.769438003185360930e+00
3.770360038689317239e+00
3.769519711803560380e+00
3.770084998456894709e+00
3.770236771747157434e+00
3.770551839854084264e+00
3.770814247402535013e+00
3.771506930498199850e+00
3.770629472465180765e+00
3.770801175087674206e+00
3.771567796397436112e+00
3.771456294617079763e+00
3.771739336097388762e+00
3.771568202260437985e+00
3.771879145521940035e+00
3.772424467083513644e+00
3.772863504749519592e+00
3.773213498921631714e+00
3.773774507149589397e+00
3.774055597752626223e+00
3.773836344391558573e+00
3.773589560867999015e+00
3.773019068289745093e+00
3.772897200044352584e+00
3.773367899126965241e+00
3.773405120886601960e+00
3.773810318978247036e+00
3.773676828236813829e+00
3.773483345407958378e+00
3.773941238568502499e+00
3.773767202035857693e+00
3.774009886251643575e+00
3.774764379976998541e+00
3.774641726434062594e+00
3.774786183244243976e+00
3.773881833201398805e+00
3.774165205958924574e+00
3.774710501125851270e+00
3.775122770327159483e+00
3.774541263682358760e+00
3.774348884948893090e+00
3.774400751086137706e+00
3.774961660213748349e+00
3.775681888569229816e+00
3.775099573455051427e+00
3.774907895775795108e+00
3.775202477387809452e+00
3.775332897680349742e+00
3.775648662191000593e+00
3.775057642358092824e+00
3.774945521816661209e+00
3.775232878359554345e+00
3.775684262877469610e+00
3.775853734452489618e+00
3.776308731218999792e+00
3.776468206973696340e+00
3.777135025957669701e+00
3.777574856404907866e+00
3.777304791618576463e+00
3.777789469549733159e+00
3.777929118647492146e+00
3.777936630603985435e+00
3.777499203965701824e+00
3.777733491485038897e+00
3.777658893127636919e+00
3.777390183300844750e+00
3.778029783158494137e+00
3.778827351318423400e+00
3.779147132986572899e+00
3.779365683506625384e+00
3.779631603302687992e+00
3.780161236942206404e+00
3.780251484149606878e+00
3.780523560599744926e+00
3.780700574803168568e+00
3.781587731087538540e+00
3.781699805014957505e+00
3.780467044921939301e+00
3.779954425526972361e+00
3.779362367306217774e+00
3.779275080289757227e+00
3.779412417388539946e+00
3.780237326430734512e+00
3.780686763779196102e+00
3.780982906590333759e+00
3.781248733946271035e+00
3.781147964922446647e+00
3.781475816742630780e+00
3.782729082437793711e+00
3.783513708761919947e+00
3.783385735640322878e+00
3.783300010283672687e+00
3.783454418658529494e+00
3.783190468569854303e+00
3.782910630736276758e+00
3.783434465563264570e+00
3.782822059593705433e+00
3.782809141525262486e+00
3.783126976703005351e+00
3.783549251805563785e+00
3.783447312930597217e+00
3.785024207498233650e+00
3.785164671473686848e+00
3.784982215302311825e+00
3.785576444390075679e+00
3.786251721257188674e+00
3.786686399805803571e+00
3.787484502432174605e+00
3.786231160867177703e+00
3.785898828140298988e+00
3.785433779599166382e+00
3.785364032433433223e+00
3.785527870310707144e+00
3.784919676474794770e+00
3.785193411428930954e+00
3.784843721217312495e+00
3.784760577155733330e+00
3.784826989068809322e+00
3.785095920987044504e+00
3.784938314152222816e+00
3.785439900299396587e+00
3.784970975763458867e+00
3.785208333930584867e+00
3.784609333925490926e+00
3.784302011664729459e+00
3.783405665476327950e+00
3.783498391870232069e+00
3.783742169178589076e+00
3.783819722456522427e+00
3.783484566951210493e+00
3.783764577292361597e+00
3.783495043369177413e+00
3.783496705328165177e+00
3.783119125331926735e+00
3.782702003907333133e+00
3.782142282751383533e+00
3.782496853506536638e+00
3.782867856197849488e+00
3.783438893745502352e+00
3.782816368448737254e+00
3.782839956100882972e+00
3.782722406546854987e+00
3.782621083107686299e+00
3.783140891049642907e+00
3.783041671686559138e+00
3.783432165070324871e+00
3.783750225757108510e+00
3.783382984402535509e+00
3.782503460278549667e+00
3.783453788175664911e+00
3.783621562411840333e+00
3.785097541482841166e+00
3.784609847713777508e+00
3.783931024036103263e+00
3.783838912954399003e+00
3.784074575109187322e+00
3.784168826887349457e+00
3.783823338994810825e+00
3.784159047079017402e+00
3.783677695225842630e+00
3.783818663966945106e+00
3.783319967391414185e+00
3.782738687036621084e+00
3.782815279794497609e+00
3.782107043727624518e+00
3.785511643999471598e+00
3.785300372789015544e+00
3.787410603742246806e+00
3.787809307951427673e+00
3.787527258683603737e+00
3.790651332591056910e+00
3.790739803767927185e+00
3.790929824577649487e+00
3.790212894011297795e+00
3.784901081823314417e+00
3.786790466086665585e+00
3.785793983202544677e+00
3.788528005437244328e+00
3.782725920460554558e+00
3.782778858365200225e+00
3.777603120279133808e+00
3.777765672488357040e+00
3.773523551680822763e+00
3.770101330307583876e+00
3.769055089898437405e+00
3.769090687428972686e+00
3.766598235606828826e+00
3.767793024187714224e+00
3.765239050618580663e+00
3.763196892439198749e+00
3.766362623610572058e+00
3.768882454140804139e+00
3.770107264030178484e+00
3.768874556139018228e+00
3.766985931134216870e+00
3.765755098985657856e+00
3.764019064920058000e+00
3.764318779863029096e+00
3.764249395801085640e+00
3.764900600966782473e+00
3.764721753968061524e+00
3.763069389713857404e+00
3.763939361631500891e+00
3.763407363000572214e+00
3.765741602493176021e+00
3.762202610790547297e+00
3.761965419683166445e+00
3.762429454726893940e+00
3.760825572168544184e+00
3.760301237851788603e+00
3.759268769218337969e+00
3.758993498834232394e+00
3.757659653360859053e+00
3.758004007892389975e+00
3.756326667570065059e+00
3.755881154862044990e+00
3.756803823121122932e+00
3.756311266770246959e+00
3.755071745343890210e+00
3.754065090820775996e+00
3.754333747974838431e+00
3.755457028571253186e+00
3.754133888821771681e+00
3.752511137842216016e+00
3.752202263221317224e+00
3.753007805528273177e+00
3.752662069386018207e+00
3.752753619734766843e+00
3.752163148822429850e+00
3.751980688074407322e+00
3.751609453379375125e+00
3.751313099226956993e+00
3.751386277852458928e+00
3.750639554655480268e+00
3.748083414354413723e+00
3.748785610735323903e+00
3.748451089240425915e+00
3.748046628502127220e+00
3.748634076757624722e+00
3.751004801558630586e+00
3.751236604642722128e+00
3.750561914216071102e+00
3.750175108891267595e+00
3.750464558858357833e+00
3.749472601638496716e+00
3.750251180982818955e+00
3.752443126888005409e+00
3.751887908025045792e+00
3.752496261076156969e+00
3.748719439711433399e+00
3.748819664512812455e+00
3.748264357823141157e+00
3.747875529814313822e+00
3.747585759056827115e+00
3.747210478499906738e+00
3.747609597093745748e+00
3.748253989044647128e+00
3.748906847004999321e+00
3.749113014986665160e+00
3.748795959922247789e+00
3.748748300565037272e+00
3.748743476142525122e+00
3.747664049374769046e+00
3.747471427701324131e+00
3.747301683001890371e+00
3.747422083503500811e+00
3.747437487255530275e+00
3.745455170821431867e+00
3.744598107445361368e+00
3.744617057583317088e+00
3.744313249237538610e+00
3.744759824926763070e+00
3.744731054308244378e+00
3.744316425928249092e+00
3.745235628243468451e+00
3.744866365127018426e+00
3.744331377597870603e+00
3.744104783792114421e+00
3.742442644162091270e+00
3.744894592078249485e+00
3.744441943300808706e+00
3.744460335425698005e+00
3.744062333874744297e+00
3.744123980099094862e+00
3.743777274025447799e+00
3.743155819981670351e+00
3.742757812115372840e+00
3.743044820434433984e+00
3.742643113547638567e+00
3.743167123449305578e+00
3.743262510929330045e+00
3.746686445801043153e+00
3.749006148040844977e+00
3.750563747183862873e+00
3.753449945350161077e+00
3.756217900746630978e+00
3.759518069176706945e+00
3.760263107529988158e+00
3.762388953602120889e+00
3.762139648505849809e+00
3.766900833325420361e+00
3.770609584703033423e+00
3.768878251586571526e+00
3.770873185457027876e+00
3.772542772026417079e+00
3.770053738119825137e+00
3.770185850642656877e+00
3.767908297498466563e+00
3.766138064787051487e+00
3.767838062405882482e+00
3.768627520744348036e+00
3.765386301300420957e+00
3.767610879758537923e+00
3.767328180749405231e+00
3.768786352565083764e+00
3.768997173173376236e+00
3.769843697001391991e+00
3.770482750960537199e+00
3.771451051085934925e+00
3.770608808139108259e+00
3.769268542278150225e+00
3.770675865974844054e+00
3.773451959275810452e+00
3.776064995742234753e+00
3.779384337408972616e+00
3.782965028305043997e+00
3.781324468851436027e+00
3.776995546105995416e+00
3.778529764452828843e+00
3.779791314556304460e+00
3.779259336961455773e+00
3.778935803050071041e+00
3.781496479690581225e+00
3.784669254832456087e+00
3.787447514346881761e+00
3.790601441785486969e+00
3.786318771983677056e+00
3.786117714821113811e+00
3.785022821198522180e+00
3.785218927057353966e+00
3.788821257981461077e+00
3.789940136319993158e+00
3.791350701735767714e+00
3.792415304105169582e+00
3.792864000976563954e+00
3.793647724558665502e+00
3.794362113945427328e+00
3.796288959879274838e+00
3.795805774268072863e+00
3.797205046522436067e+00
3.795259935282434327e+00
3.795968615828130055e+00
3.791642693114072760e+00
3.791591094950955476e+00
3.792166685415093941e+00
3.788682871983350964e+00
3.790030587294696218e+00
3.785545899704824802e+00
3.784241426040202416e+00
3.784455528727631357e+00
3.784217396389422117e+00
3.784070497609085759e+00
3.783673624248784506e+00
3.783446311800526818e+00
3.782594805934452964e+00
3.782479330889506830e+00
3.782858225278713959e+00
3.782039875068246904e+00
3.781883458671080778e+00
3.781896265633115206e+00
3.782456616694439777e+00
3.781674499841677584e+00
3.780280423318773675e+00
3.779850107701476336e+00
3.780599066936056740e+00
3.781178690725508051e+00
3.781856432026641457e+00
3.781470560488695565e+00
3.781025953883626389e+00
3.781596159462437878e+00
3.781420692901673153e+00
3.781214354180260973e+00
3.781731325776716890e+00
3.781702705445201484e+00
3.782522062837867960e+00
3.783120475418119355e+00
3.783276111848867362e+00
3.783735134667761457e+00
3.784010113318657442e+00
3.783338332292494055e+00
3.783348152578483337e+00
3.783839012614656383e+00
3.783683832737486430e+00
3.782624058727849459e+00
3.782508728567373524e+00
3.782988108666801352e+00
3.783278664066065833e+00
3.782702513778283038e+00
3.782890452381338253e+00
3.783028074745289349e+00
3.783121218791848595e+00
3.783149902606306014e+00
3.783077409711877337e+00
3.783621946059546826e+00
3.783412361697686688e+00
3.783653314283212499e+00
3.783767762031784887e+00
3.784639655752583653e+00
3.784203981775538850e+00
3.783519516094255852e+00
3.784052238615967401e+00
3.783151511666895672e+00
3.785866606895071484e+00
3.787497382741924046e+00
3.787666900392803626e+00
3.787854610967639868e+00
3.789585890440236415e+00
3.791379791424897672e+00
3.791000500452236022e+00
3.791737931907507519e+00
3.793791243200866692e+00
3.789602998605026141e+00
3.788928572618976531e+00
3.787585839838288226e+00
3.784198041408321611e+00
3.784902981164279367e+00
3.784642530329600518e+00
3.784425528224860003e+00
3.782751862341758642e+00
3.782319295500467859e+00
3.781449215898208038e+00
3.780079388772081828e+00
3.780030279997840470e+00
3.778606460163982828e+00
3.778378358486032429e+00
3.776674154795803151e+00
3.775706379344907049e+00
3.777270937984202437e+00
3.778642923388141117e+00
3.780476215862866862e+00
3.780535078102376989e+00
3.782241346134632920e+00
3.783135998623847751e+00
3.785712729610770211e+00
3.785377836692153775e+00
3.783200749470456703e+00
3.783920931048165404e+00
3.779637886109705747e+00
3.778552777093552084e+00
3.779078614956220772e+00
3.779694321664508916e+00
3.779141218635720278e+00
3.778419200060586292e+00
3.781100693484801933e+00
3.782397384957173703e+00
3.783423077214550734e+00
3.785352515334437395e+00
3.785800138796088010e+00
3.784082194409149835e+00
3.782027344925777967e+00
3.782295165154815120e+00
3.780481344703284563e+00
3.780098549718853729e+00
3.779074284669977413e+00
3.778930078003321480e+00
3.778893240546838062e+00
3.777442480856536111e+00
3.776691465902596079e+00
3.775790512827651657e+00
3.776774301274782530e+00
3.776508132604680767e+00
3.776088349736663741e+00
3.776260210964944353e+00
3.775947735007553430e+00
3.774066082929904642e+00
3.774486139623549175e+00
3.775138737651506204e+00
3.772248252142691438e+00
3.771885622512757053e+00
3.771675972749321648e+00
3.772193230233325423e+00
3.771953579877961094e+00
3.772205013734384327e+00
3.772022529820020953e+00
3.772685047228327537e+00
3.772506077422214776e+00
3.772929563608116599e+00
3.773698270838320212e+00
3.774339790544325002e+00
3.775121192575474183e+00
3.777047967162341369e+00
3.777279384762801229e+00
3.778056862820381667e+00
3.777561648166880115e+00
3.779536581555539954e+00
3.776593668163076511e+00
3.776919074409478494e+00
3.774971347294414858e+00
3.774902247989588844e+00
3.774376101230197289e+00
3.774210929353370769e+00
3.774324085219152192e+00
3.774540747359845572e+00
3.774258952593990468e+00
3.773668964209931698e+00
3.773777584293797727e+00
3.773857793883202749e+00
3.773813111966365597e+00
3.773900590388908682e+00
3.773241160671994887e+00
3.772640848121593393e+00
3.772970078338630628e+00
3.772777947251013675e+00
3.772796068104177447e+00
3.773091447818336164e+00
3.773089171773635897e+00
3.772997694093199073e+00
3.768657325679309888e+00
3.768482944785212396e+00
3.768963200705440997e+00
3.769024116561870752e+00
3.768079449433275219e+00
3.768149576296437875e+00
3.767211218176282017e+00
3.766944881727233518e+00
3.766834019540814094e+00
3.766191991732236399e+00
3.764399706434685466e+00
3.764401674791381769e+00
3.764690521229657083e+00
3.764086652744307759e+00
3.764071766308462852e+00
3.764045150026678943e+00
3.766572877400920394e+00
3.766429292745816060e+00
3.765777830959521566e+00
3.765835856085093969e+00
3.765498756202481534e+00
3.765656734779323944e+00
3.765644496621879611e+00
3.765404729168906783e+00
3.765361707699874216e+00
3.764952664819059436e+00
3.766195240886546447e+00
3.764829206313140997e+00
3.764954524394816815e+00
3.765261960526176566e+00
3.765537308034235142e+00
3.765736122112992135e+00
3.765573860894454228e+00
3.765854156957929799e+00
3.766055055868463342e+00
3.763735508738977220e+00
3.763083270744524977e+00
3.762608947062916709e+00
3.762491762643273230e+00
3.762298672237062380e+00
3.762211764197505470e+00
3.762359551708956307e+00
3.762431848529447009e+00
3.761801046987701014e+00
3.761634416220120070e+00
3.761549389459210246e+00
3.761451608563751048e+00
3.761064765460280679e+00
3.761089491191139889e+00
3.761141589125986950e+00
3.760373954333362523e+00
3.760042146707725852e+00
3.759566717434375871e+00
3.759845812709672330e+00
3.759650435746118902e+00
3.759847548423004060e+00
3.759724689666340325e+00
3.759621826144176726e+00
3.759271073353799952e+00
3.759391652601016265e+00
3.759582738128179447e+00
3.759403523059063890e+00
3.759824209485134627e+00
3.759567419165850577e+00
3.759333369840224037e+00
3.759754467170977943e+00
3.758602082075671813e+00
3.758414854127332116e+00
3.758844598610828314e+00
3.758639814890304631e+00
3.758171009966791321e+00
3.757320059487636588e+00
3.757231928623080197e+00
3.757472466796673682e+00
3.757794076741248546e+00
3.758019307943982756e+00
3.757604082683800417e+00
3.758046915608925342e+00
3.757803810741886519e+00
3.759349320680340778e+00
3.761154554369569691e+00
3.761766605449300638e+00
3.761617380027707735e+00
3.763599170638709523e+00
3.764398002992894288e+00
3.766018322401054608e+00
3.767719699363028862e+00
3.764876226879744436e+00
3.766218256040861689e+00
3.767736856978285420e+00
3.765884167688460682e+00
3.768335079212973948e+00
3.770460743352177513e+00
3.771522381181881656e+00
3.772561301498198905e+00
3.773791231403802460e+00
3.770945324246881114e+00
3.772199053504450728e+00
3.771826511906668955e+00
3.771552260044070959e+00
3.771386244087511219e+00
3.770608641458339516e+00
3.771689669053678973e+00
3.771041067901297783e+00
3.770538747544849745e+00
3.770590519235684113e+00
3.769951090521500348e+00
3.770159517803408189e+00
3.769519165651269432e+00
3.767972058211831676e+00
3.767282845395657276e+00
3.767158372455225557e+00
3.767890052332640405e+00
3.768392907458991914e+00
3.763491011618317117e+00
3.763364186384479115e+00
3.763592919887630117e+00
3.763594160914932818e+00
3.763694469277618193e+00
3.765809178599759388e+00
3.765843298075876699e+00
3.765891765123402291e+00
3.765691452782141013e+00
3.766016749254255558e+00
3.765855863882770382e+00
3.766092381884901030e+00
3.766001682285847973e+00
3.767031683579389334e+00
3.768840737667533691e+00
3.770343883392262896e+00
3.768396988117480806e+00
3.767795981006902384e+00
3.768651412345441543e+00
3.769225468236287124e+00
3.770990002421287013e+00
3.772088817962353513e+00
3.773703285624574022e+00
3.776010060863189466e+00
3.775591934327586330e+00
3.776356969357339555e+00
3.775417967355945592e+00
3.772101564643469018e+00
3.773731279975170327e+00
3.773948167152985977e+00
3.775797427596225386e+00
3.773970651538336885e+00
3.774630832015677839e+00
3.771826563460288995e+00
3.773654053230668382e+00
3.772908736863555657e+00
3.772554589981719442e+00
3.773878236097486294e+00
3.772026290184534503e+00
3.772218438347637814e+00
3.772668172845184298e+00
3.773213741830051315e+00
3.775062222627117325e+00
3.770656260963718420e+00
3.770644102009681475e+00
3.770911294993778640e+00
3.771461221556126731e+00
3.771082641597691687e+00
3.768785611168790961e+00
3.768762961557179381e+00
3.768536178731856978e+00
3.769047712940096773e+00
3.769365000413887667e+00
3.769514191406880599e+00
3.769624304193914810e+00
3.769872812700702625e+00
3.769762611010051945e+00
3.769845392762560810e+00
3.769940688741337809e+00
3.769667028534689823e+00
3.769486149756454907e+00
3.769733174571169076e+00
3.769823384025782431e+00
3.769832058068506964e+00
3.769560553870826336e+00
3.769849339571557767e+00
3.769724155036264790e+00
3.769223987043316182e+00
3.768846460449010838e+00
3.768554143133389545e+00
3.768399663379495834e+00
3.768308385685825268e+00
3.769271234639719026e+00
3.769374018057269016e+00
3.769443484142735112e+00
3.769284579591085649e+00
3.769463740741361590e+00
3.769686886043707386e+00
3.769709483565560237e+00
3.769666744993509067e+00
3.768831454555567007e+00
3.768966134203015184e+00
3.768742134901298169e+00
3.768941327827974863e+00
3.768577447900867572e+00
3.768087016324178418e+00
3.768182032997883013e+00
3.768886006370766761e+00
3.768710126464362986e+00
3.767679074715130749e+00
3.767597000956006692e+00
3.767848799326485310e+00
3.767680415365178614e+00
3.767455933945438762e+00
3.767467016274514524e+00
3.767756646884364624e+00
3.767879690433738826e+00
3.768343776387320432e+00
3.768087066727199286e+00
3.768420484543794302e+00
3.768557233292849862e+00
3.768964767482997136e+00
3.767383429181192067e+00
3.766169795896523897e+00
3.765988991077838133e+00
3.769722839714157114e+00
3.769944791766787873e+00
3.770096130787635502e+00
3.770347021513357877e+00
3.770489816401810135e+00
3.770857493304796026e+00
3.769949721107242357e+00
3.770300352673709554e+00
3.769993916188515204e+00
3.770379897327008845e+00
3.768156399875239870e+00
3.768248766357273016e+00
3.768017562585692204e+00
3.768227973233265526e+00
3.768314650709206237e+00
3.768513787245995061e+00
3.768346553521386699e+00
3.768038928032783730e+00
3.768601018217633492e+00
3.768883745651564698e+00
3.769076595042189837e+00
3.769394050040502986e+00
3.769316417980886680e+00
3.769890478104901632e+00
3.767716311271993135e+00
3.767617316508335534e+00
3.767586951741940471e+00
3.767485402667921424e+00
3.767219018645615591e+00
3.767443050214183575e+00
3.767857031421727232e+00
3.768234424849290054e+00
3.768119014543474865e+00
3.768701728096280235e+00
3.767372470035814658e+00
3.769459653641172192e+00
3.770046047192320504e+00
3.771618013031386329e+00
3.772940154340234553e+00
3.773849943664101314e+00
3.773449813955811916e+00
3.770383091507585771e+00
3.767889752480776178e+00
3.767738852854209952e+00
3.767649719945097786e+00
3.767080931193633742e+00
3.766697329364857350e+00
3.766222523537292588e+00
3.764219098246682993e+00
3.763432185486678350e+00
3.763694507994309379e+00
3.764135294690091005e+00
3.764585306937172415e+00
3.764923033532036722e+00
3.764905198285146692e+00
3.765313436452505602e+00
3.765901861343098123e+00
3.765208486140319000e+00
3.764492609041157234e+00
3.764136138169293933e+00
3.765045320495232328e+00
3.764017328437088139e+00
3.764311453315505318e+00
3.764400662077537429e+00
3.764608004186916990e+00
3.764370122086809101e+00
3.764099156078440700e+00
3.764048334433316878e+00
3.763905496732362632e+00
3.764247201370472862e+00
3.764138525748331521e+00
3.764360599913124883e+00
3.764561447249362036e+00
3.764545766284049133e+00
3.764875261959077068e+00
3.765207769237433499e+00
3.765543390293027759e+00
3.765695208975421426e+00
3.765615622495559478e+00
3.765695279868777945e+00
3.765292668770339635e+00
3.765454469581575481e+00
3.765489035112643545e+00
3.765487048960157068e+00
3.765201341316529504e+00
3.765230866130483189e+00
3.765288029340499776e+00
3.765404458300929402e+00
3.765486792579123776e+00
3.765550395196461064e+00
3.765477982412868574e+00
3.764751743110368309e+00
3.762955362261523717e+00
3.761479775317726482e+00
3.761248260977314128e+00
3.760396669763315547e+00
3.760078682328411137e+00
3.759570380166502801e+00
3.760013029168703280e+00
3.758828672342135579e+00
3.760707484290789271e+00
3.760027188314904123e+00
3.759626840640835521e+00
3.757957557336782717e+00
3.758494845233300463e+00
3.757076555663131145e+00
3.755947044836569493e+00
3.757042462545908901e+00
3.757074942488973335e+00
3.755413038835466732e+00
3.756930208489785983e+00
3.755897002348534297e+00
3.755346284508875865e+00
3.754531506626792581e+00
3.753419404353135036e+00
3.753225050416275632e+00
3.753140127465373510e+00
3.754109139041041043e+00
3.755163817825490025e+00
3.756466698318375652e+00
3.755371164815146656e+00
3.754957439041369138e+00
3.756212433497304826e+00
3.755959229844274105e+00
3.755480631530927038e+00
3.754834578504120390e+00
3.754728772768464395e+00
3.755302662683398296e+00
3.753673850030816883e+00
3.753035127550280681e+00
3.755061131929759100e+00
3.754314487375379983e+00
3.753623864020584566e+00
3.753503634684785428e+00
3.752990675059164616e+00
3.752658328648464714e+00
3.753145498099769384e+00
3.753402905848891802e+00
3.753492355127766356e+00
3.752989195390086241e+00
3.752538203631420100e+00
3.752103591663330295e+00
3.752986481871934288e+00
3.752817873049549391e+00
3.752321732255525344e+00
3.752402424185227847e+00
3.752083906921001688e+00
3.752503294708621429e+00
3.752192375916245215e+00
3.751692642008309431e+00
3.751614331976714123e+00
3.750979027675898081e+00
3.751483241349316433e+00
3.750632539412546596e+00
3.750126920408598519e+00
3.750415869722223405e+00
3.749922062925591604e+00
3.749471515264619637e+00
3.749386688185544880e+00
3.748957467215779271e+00
3.748283071984659376e+00
3.748028949029453383e+00
3.748071007230621365e+00
3.749448746369187901e+00
3.749615228556949287e+00
3.749640516833137038e+00
3.749455547950638845e+00
3.749279361605240890e+00
3.748698261756388650e+00
3.749138576532907496e+00
3.749279325701264654e+00
3.749112093467887430e+00
3.748689370309213231e+00
3.748065944168978536e+00
3.748030778688447473e+00
3.748494856776100281e+00
3.748645227085859677e+00
3.748776138537923686e+00
3.751505789236591948e+00
3.751625852536612626e+00
3.751949845501455716e+00
3.752119557892982460e+00
3.753024896413445166e+00
