5.772524171026046425e+00
5.848522529229949640e+00
6.119681251136089628e+00
6.232053718128438113e+00
6.276807195659462657e+00
6.251119055367115429e+00
5.699122397958121589e+00
5.531887551871654374e+00
5.437905431378399435e+00
5.618551403017698398e+00
5.561695695627879132e+00
5.540424832841703839e+00
5.301169016503154197e+00
5.220354176787671996e+00
5.161805377799626449e+00
5.057532428534659452e+00
5.043860010087692025e+00
5.011073390623550061e+00
5.026421495401276474e+00
4.927007493739485433e+00
4.972851471835837422e+00
4.771848122429781291e+00
4.573480082318002182e+00
4.617548090638192271e+00
4.639783413481526786e+00
4.599826857522097967e+00
4.632439949587946693e+00
4.622593921208942191e+00
4.626137357241613124e+00
4.610330926884384617e+00
4.501589762207523826e+00
4.493314100262083777e+00
4.665513985158304955e+00
4.668153547627095890e+00
4.656610590160661367e+00
4.576111975774455054e+00
4.609571803732428030e+00
4.616498014120212545e+00
4.605840641051917927e+00
4.608359220962555902e+00
4.621933722685187540e+00
4.618192937646719010e+00
4.629748152744898704e+00
4.486803910682793273e+00
4.473142095992062472e+00
4.471884676585223595e+00
4.657747362265975966e+00
4.621599982121706418e+00
4.623675956776390983e+00
4.616032454506333593e+00
4.608275585715611911e+00
4.611442258971827357e+00
4.613112467594267407e+00
4.611131530405909729e+00
4.589230228730430738e+00
4.597553532992013636e+00
4.606979026225983986e+00
4.590202008125384481e+00
4.531579277115207915e+00
4.551141967461798998e+00
4.562639531520175318e+00
4.549380570070976404e+00
4.528111280344638168e+00
4.559018415769675592e+00
4.481469363027037467e+00
4.483484837359523745e+00
4.427435854573674057e+00
4.435009260281938204e+00
4.438021323755675596e+00
4.445700162549256262e+00
4.430683273758645235e+00
4.431079107658558947e+00
4.422702652418462499e+00
4.406573811838172539e+00
4.423008611382599931e+00
4.440465458596993820e+00
4.418294195750479325e+00
4.415266605962586688e+00
4.430823747203286977e+00
4.427201975424047475e+00
4.427825404245052887e+00
4.426816692432800515e+00
4.428279048229476267e+00
4.429648373313393783e+00
4.430918828627168793e+00
4.432049450383096278e+00
4.422246059995631029e+00
4.417158192644472514e+00
4.396595734860730964e+00
4.389565348370489950e+00
4.389931758825706076e+00
4.387367089616066806e+00
4.397570494198645541e+00
4.398222551532813718e+00
4.412462254523147998e+00
4.414230049740788253e+00
4.402413240015118134e+00
4.423721475579192486e+00
4.414307577560695250e+00
4.140242982137455563e+00
4.108759256045273922e+00
4.408188007343510684e+00
4.421238371444553117e+00
4.428756922213813674e+00
4.441263836112219643e+00
4.440358901608379760e+00
4.453398646640913228e+00
4.454430512604464987e+00
4.417194056973007932e+00
4.408670794356185141e+00
4.389941697722359315e+00
4.385136430098335758e+00
4.366492976465230491e+00
4.379885768243942046e+00
4.387446726236392536e+00
4.398234419964373032e+00
4.402043155505324101e+00
4.407605624981857595e+00
4.409882805411657003e+00
4.408632525671264624e+00
4.404583003595678115e+00
4.397263796530697100e+00
4.390269724213546887e+00
4.388816770393985323e+00
4.405401216862523839e+00
4.399960255062797643e+00
4.402876155545531134e+00
4.403662448294203280e+00
4.391678687303580020e+00
4.376726116522411836e+00
4.365950151594294226e+00
4.373584761529096809e+00
4.372252429492989201e+00
4.366725142007658711e+00
4.373690891945821058e+00
4.372104232446802463e+00
4.359708001746656514e+00
4.340910818032915230e+00
4.332026951076013432e+00
4.333297409344175399e+00
4.338624656339754360e+00
4.337530621041930878e+00
4.315463247995929841e+00
4.314135289348352664e+00
4.308881927800641165e+00
4.301134663478437758e+00
4.307797464149885514e+00
4.308092386466845447e+00
4.215742326784799765e+00
4.206497120113152022e+00
4.195951066089556036e+00
4.227692401955439827e+00
4.217727136520593056e+00
4.211947458722623772e+00
4.204724245757073042e+00
4.204851958110483956e+00
4.208591983519290203e+00
4.207199156090299930e+00
4.212281380864810743e+00
4.211910273328503429e+00
4.221664458305099288e+00
4.138997345782535753e+00
4.140425794504714041e+00
4.135308020242409732e+00
4.131408290172996267e+00
4.132653205274309016e+00
4.140069762832358613e+00
4.131286206495438762e+00
4.124972943064959097e+00
4.128144421617024662e+00
4.033390322349859503e+00
3.869290100197762428e+00
3.815512537455445941e+00
3.769839765218144567e+00
3.486977904521605609e+00
3.520991801125566756e+00
3.505462382442797065e+00
3.500248397769948117e+00
3.469990737665208602e+00
3.399876679449979733e+00
3.316080178003133039e+00
3.286657982557263491e+00
3.285389495418634898e+00
3.296462366853753156e+00
3.307016881201253256e+00
3.308610446054857324e+00
3.342783580892823014e+00
3.338901848226855762e+00
3.335516942773290694e+00
3.328515090690285394e+00
3.321205894272282411e+00
3.318750597854118300e+00
3.315650453330307723e+00
3.312766255943142113e+00
3.304951588401703777e+00
3.308823962120509332e+00
3.299786714072979077e+00
3.292910857179072170e+00
3.301233480576046375e+00
3.303257989290462771e+00
3.290467691170166464e+00
3.288999226656780461e+00
3.278613342598391878e+00
3.270973042719328649e+00
3.305268001272078759e+00
3.316186944122532676e+00
3.315041278742373976e+00
3.313020808619731028e+00
3.308550345399142500e+00
3.308185467095060783e+00
3.305343527991287278e+00
3.302229083082307337e+00
3.297220735140475867e+00
3.295980733420770026e+00
3.295398114379350485e+00
3.288927759695170039e+00
3.302722676870651686e+00
3.301337586913710265e+00
3.302668897171340046e+00
3.303270098602008265e+00
3.302198954467491898e+00
3.301589271776386170e+00
3.302603143584938561e+00
3.293882691163594334e+00
3.293732506134507521e+00
3.292454677540266772e+00
3.294648286037160645e+00
3.284337031096363102e+00
3.285859050412234250e+00
3.284902586016494208e+00
3.273139220051273668e+00
3.271967826488050068e+00
3.266708954136161580e+00
3.264848188216496805e+00
3.255133918888964306e+00
3.278273887868939251e+00
3.280006931769461342e+00
3.281273404137104777e+00
3.285647751551677320e+00
3.286103439649163960e+00
3.286039529786119129e+00
3.286160874164782530e+00
3.285747671415574001e+00
3.286553381585533007e+00
3.286435170085174828e+00
3.286740884296252663e+00
3.295745296972832250e+00
3.270944547894864218e+00
3.274264903075642774e+00
3.269334219939448616e+00
3.268553453149369403e+00
3.267833455607070281e+00
3.267035231563443887e+00
3.270301993902155147e+00
3.272454978362509426e+00
3.270370046995850100e+00
3.267585739273391798e+00
3.244976148067687305e+00
3.255885396400354903e+00
3.023005185511947968e+00
2.959700606697010627e+00
2.898802864845446248e+00
2.917800326592232540e+00
2.920454831048729272e+00
2.902920295116816263e+00
2.893580992456620482e+00
2.891665800282346321e+00
2.889584358091740857e+00
2.890377864425270449e+00
2.889078480197059040e+00
2.898451627972913780e+00
2.921293869043954050e+00
2.917204123380544356e+00
2.918615763355665749e+00
2.914912815435459326e+00
2.916363224765214479e+00
2.916504054285207204e+00
2.934365725717259732e+00
2.934223643502547940e+00
2.935892885197005864e+00
2.934355773332496753e+00
2.934308999592286415e+00
2.936830604179811122e+00
2.935401816624422011e+00
2.940338450566203132e+00
2.932299461489771275e+00
2.931719126330199376e+00
2.931017726313072114e+00
2.930038078170741134e+00
2.930452793776435083e+00
2.929710600069991955e+00
2.929911234816440668e+00
2.929810874649488195e+00
2.927893487961196417e+00
2.926490156181726920e+00
2.925263053799659119e+00
2.924019413577317206e+00
2.924714840070623989e+00
2.925091362583422949e+00
2.924773320928698794e+00
2.924323440817104824e+00
2.923446986376455836e+00
2.925090034478898815e+00
2.927047902611618735e+00
2.926924547189044379e+00
2.925345837087198309e+00
2.924838333144561542e+00
2.925848374419366404e+00
2.925950401564247461e+00
2.926415786945021136e+00
2.928156332629316960e+00
2.928165006149635818e+00
2.928298878171858632e+00
2.927958226058851476e+00
2.928261907720810076e+00
2.928845164934500200e+00
2.929977020213637484e+00
2.931953429534701616e+00
2.129460264338451925e+00
1.920265036407644343e+00
1.818669033866566087e+00
1.760989390289314338e+00
1.760147345111899186e+00
1.741771764602427774e+00
1.749415250631608965e+00
1.764247105659432435e+00
1.749581109780268262e+00
1.745104738755755447e+00
1.729611809975802217e+00
1.728176686645943372e+00
1.729792238788770531e+00
1.728778172513367295e+00
1.726823771195623580e+00
1.726558331294333781e+00
1.726575506747159539e+00
1.726849724429212918e+00
1.726690215383642091e+00
1.727262553115757493e+00
1.727650733216040457e+00
1.726472068223166900e+00
1.724395174054999424e+00
1.722646128375860064e+00
1.724990273610790936e+00
1.723518054571686164e+00
1.721930621555292973e+00
1.724193065699512140e+00
1.701841180945301346e+00
1.885604752178376531e+00
1.885525874126938506e+00
1.887063784813153511e+00
1.887556738258905575e+00
1.887685583369636655e+00
1.883139567982687224e+00
1.883633255204779866e+00
1.881947438582431298e+00
1.881774336740401177e+00
1.882207134826654249e+00
1.882208292952610718e+00
1.881762455448290572e+00
1.883525188682186657e+00
1.882647870360255382e+00
1.882294649572028300e+00
1.882730480887401692e+00
1.883335320553475967e+00
1.881599195485639475e+00
1.882971867610456096e+00
1.882315061681707036e+00
1.882940592700827587e+00
1.881695861804407954e+00
1.882669804212412812e+00
1.882527424238947589e+00
1.881280686890959508e+00
1.880304086113379958e+00
1.879730824440349224e+00
1.879341818775422723e+00
1.881511327768792485e+00
1.880354555848909426e+00
1.879341302207724551e+00
1.878781158676334107e+00
1.877508911264810010e+00
1.877783768547606869e+00
1.878135199526555832e+00
1.878257139160163902e+00
1.878413821445813703e+00
1.877581231629128267e+00
1.877562805920777622e+00
1.877861182772166737e+00
1.877576459009687726e+00
1.876954464054646721e+00
1.876462573726885630e+00
1.876969181523100438e+00
1.876985179403214188e+00
1.876491289539225837e+00
1.904331209908606048e+00
1.903858349544321982e+00
1.902497216807380598e+00
1.901699176669187308e+00
1.902026537617728552e+00
1.900967250030511257e+00
1.900141597433714358e+00
1.900148571509157946e+00
1.902061521772740127e+00
1.901787172763072853e+00
1.901915981578295556e+00
1.901656385301249363e+00
1.902838993765807230e+00
1.902995264091979832e+00
1.902876943761159900e+00
1.903438414010413915e+00
1.903183978667144061e+00
1.903949976461233540e+00
1.903596107905893620e+00
1.943683108326291986e+00
1.944484611502930171e+00
1.944087917675280996e+00
1.943985130819699370e+00
1.944448128163492884e+00
1.943934484647328986e+00
1.944277327311561443e+00
1.943698533718650312e+00
1.944108215160607278e+00
1.943541867846688254e+00
1.943676727568576901e+00
1.948730629875088383e+00
1.959763008063210910e+00
1.960315991859491902e+00
1.959685522428814997e+00
1.961098292995482772e+00
1.962095027390968971e+00
1.964292416724841450e+00
1.965185412883403648e+00
1.963759746211209967e+00
1.963537414696187478e+00
1.970482317954558971e+00
1.970890218603589927e+00
1.970790805236490639e+00
1.971000578105038592e+00
1.970670516632724079e+00
1.970289128697863434e+00
1.971054330563942081e+00
1.972892025796173066e+00
1.973050835640164813e+00
1.978102416690045162e+00
1.973040745453681355e+00
1.976965944819059295e+00
1.980104463457886377e+00
1.989395593827855357e+00
2.001695395144436951e+00
1.992545576331192114e+00
2.001725600424425711e+00
2.001330398617553907e+00
2.004236524274380482e+00
2.014367834768720833e+00
2.008420040301026166e+00
2.010110250586547576e+00
2.012193742039225519e+00
2.015216403463372163e+00
2.016523976754664549e+00
2.023710309730470502e+00
2.022851247238375283e+00
2.031662886468265317e+00
2.037100131523045476e+00
2.033238629373647299e+00
2.040394594314407950e+00
2.026543226555727717e+00
2.007177322692939025e+00
2.007096170428953386e+00
2.006672356822185588e+00
2.006648041818454242e+00
2.006764210939827375e+00
2.006659733438528104e+00
2.006632578587167259e+00
2.006373612916046767e+00
2.006483151675806820e+00
2.005822366578778659e+00
2.006281263173446572e+00
2.006239697055251181e+00
2.005247554524350218e+00
2.006625843990975433e+00
2.005745345982887340e+00
2.004383777927913446e+00
2.003831136113917388e+00
2.003506135652820763e+00
2.005141090254796143e+00
2.005119873334355152e+00
2.005003451144929727e+00
2.004702468844898444e+00
2.004834571784928965e+00
2.004798444643474120e+00
2.004234363800635688e+00
2.003473860081529612e+00
2.003497569794588262e+00
2.003488729663319479e+00
2.003520401384549121e+00
2.003012050766193486e+00
2.003524453601702948e+00
2.003271227737453586e+00
2.002638227126552373e+00
2.003004103817016546e+00
2.002918123282907192e+00
2.002206014744104756e+00
2.002504054351591734e+00
2.002663976548900937e+00
2.002516089261560328e+00
2.002162291582875397e+00
2.002279082420078904e+00
2.002742396677975822e+00
2.002560669308851793e+00
2.002372116865664520e+00
2.002306268319259175e+00
2.002299332133131049e+00
2.001480413011601733e+00
2.001325511221421216e+00
2.001641423565549971e+00
1.996965391758912078e+00
1.991427580798351471e+00
1.996076604622357920e+00
1.985691128212305978e+00
1.980785569001288771e+00
1.977253306353386586e+00
1.979486360767104047e+00
1.977049066989730930e+00
1.972465369199040808e+00
1.968344113177158183e+00
1.963626908636477708e+00
1.966385984347807758e+00
1.969430412260841257e+00
1.968921194995242319e+00
1.967433062528043841e+00
1.963349444944539668e+00
1.960384976510441080e+00
1.961031031210746178e+00
1.961237371985655509e+00
1.979809901722626497e+00
1.979496471449438522e+00
1.979663440062034541e+00
1.978842998963623812e+00
1.978798385757501554e+00
1.978374762451127422e+00
1.983707940466206798e+00
1.990423115486711803e+00
1.994014667207600011e+00
1.996838980653659723e+00
2.015490731731463203e+00
2.006114227841016007e+00
1.957936460533319822e+00
1.957974274257300529e+00
1.957897955006033364e+00
1.957917518685239111e+00
1.957658903773478398e+00
1.957427155001321806e+00
1.957532389870218159e+00
1.957604261515077271e+00
1.957338070598191315e+00
1.957366596449505280e+00
1.957598737250937804e+00
1.957280503943909400e+00
1.957203891696262410e+00
1.957343040418310975e+00
1.953696096064838406e+00
1.952647806995535085e+00
1.953681336161733784e+00
1.954313024995131265e+00
1.954046892487514953e+00
1.954087372755730634e+00
1.953950498772477395e+00
1.954229764193505359e+00
1.954300006054395800e+00
1.953820151423461882e+00
1.956750448757947014e+00
1.946207054994540941e+00
1.946188046821244244e+00
1.945863539224495620e+00
1.946008916682939516e+00
1.946183596895588286e+00
1.944648633512082725e+00
1.944561507732521344e+00
1.944735661486357570e+00
1.945082777090734849e+00
1.945113993597254121e+00
1.944633495158748060e+00
1.944905584402617960e+00
1.944958283960447565e+00
1.944309040080310469e+00
1.944387745059642958e+00
1.944579897863479401e+00
1.944700307001497208e+00
1.944880267346408287e+00
1.944696392425332654e+00
1.944383659756578453e+00
1.944172308366056257e+00
1.944309396020580616e+00
1.944190405010272293e+00
1.944429567570882034e+00
1.934259386978141704e+00
1.927633028918729119e+00
1.918774063371786909e+00
1.912962375190727426e+00
1.910167953222640769e+00
1.916045048171888254e+00
1.919278617596099856e+00
1.914371608788776546e+00
1.912645549967124436e+00
1.954088698589260042e+00
1.953859516019944786e+00
1.953758179668559691e+00
1.953629271508761311e+00
1.953500040396039417e+00
1.953447491123100344e+00
1.953541182282142907e+00
1.953593443469260782e+00
1.953483423562670795e+00
1.953893328556889131e+00
1.953939925548559886e+00
1.953458001418304280e+00
1.953671464401273816e+00
1.953026798985773915e+00
1.952182326257028810e+00
1.952175892697314952e+00
1.951816775517308367e+00
1.951432487967221574e+00
1.950568073525604795e+00
1.950805592680957545e+00
1.950269585145351092e+00
1.950059851253231891e+00
1.949382071562490992e+00
1.949519477544997548e+00
1.949175989178977275e+00
1.948946342548860899e+00
1.948436964708742281e+00
1.948799467150361009e+00
1.948783539449665758e+00
1.948698922294208602e+00
1.949142376775196084e+00
1.949211887599571646e+00
1.950207028160378497e+00
1.950030492571540597e+00
1.950050916122888500e+00
1.949879522273217702e+00
1.958359235731554904e+00
1.958064123157194691e+00
1.957392699538964775e+00
1.956951000927938500e+00
1.956719648975757897e+00
1.956531460614602258e+00
1.949722501333713609e+00
1.957018341568182107e+00
1.957061474327500550e+00
2.378368920607353054e+00
2.377376791777688236e+00
2.376745394930626087e+00
2.377090733005136514e+00
2.377018338052488300e+00
2.377012756175401531e+00
2.376998902673867153e+00
2.376836576683708291e+00
2.376811574848113562e+00
2.376714069522521289e+00
2.376272086655743188e+00
2.376774543481071866e+00
2.376731223029283413e+00
2.376535354431523306e+00
2.376391113942150746e+00
2.377077804338124434e+00
2.377034033690538450e+00
2.377069620962148910e+00
2.376916892999702213e+00
2.376898682647159422e+00
2.376708112854143184e+00
2.377040210992669156e+00
2.377173420955973615e+00
2.377316416087022599e+00
2.377647868711287860e+00
2.377758541543798732e+00
2.377902467211270743e+00
2.377520346296756237e+00
2.377485715624019225e+00
2.377293112371029249e+00
2.374551956966512556e+00
2.374631509117830941e+00
2.375143853136975292e+00
2.375048812396135745e+00
2.374806510066909571e+00
2.374491285060364998e+00
2.374664845570200189e+00
2.374422392767421286e+00
2.375057781488484121e+00
2.375051699449028053e+00
2.375302372527981376e+00
2.375391210133778408e+00
2.375010310772239119e+00
2.375364821940927573e+00
2.375410496660960824e+00
2.375542787696268032e+00
2.375267773188461717e+00
2.375263158620406045e+00
2.212106004805908466e+00
2.169450113206543573e+00
2.080478491913166028e+00
2.034045384806008716e+00
2.014802955858030042e+00
2.055927449753323089e+00
2.015146402618959609e+00
2.035552745338007785e+00
2.010833363524942019e+00
2.001074242833581263e+00
2.013167144027793398e+00
2.012063140937732975e+00
2.003169559035982594e+00
2.004438557925682485e+00
1.996533395930890187e+00
2.036302594629709528e+00
2.037362223009468121e+00
2.026678843176106692e+00
1.863613013878513414e+00
1.771796697939965526e+00
1.721742378600746859e+00
1.943750470056816892e+00
1.927980718273065719e+00
1.926254532389767071e+00
1.926466909502203118e+00
1.926931155885515112e+00
1.925646345065294307e+00
1.926870188861580013e+00
1.929416895277128674e+00
1.930778632387103011e+00
1.936344000731249793e+00
1.936912854555403074e+00
1.935263007881509401e+00
1.938558275987514401e+00
1.935386177980701783e+00
1.936002856734735600e+00
1.939526668252947950e+00
1.940264178989184352e+00
1.939954967246819928e+00
1.941557836112262514e+00
1.942365642500688772e+00
1.940553198347335639e+00
1.940383338702195815e+00
1.938281461297026276e+00
1.941016864272539832e+00
1.940654519403521405e+00
1.936112159273718492e+00
1.937066436454013107e+00
1.934606624245027939e+00
1.935657997148531928e+00
1.937462709298204855e+00
1.936131119556874447e+00
1.931229826728173338e+00
1.932120451183440224e+00
1.933127320347510114e+00
1.934510780849583833e+00
1.931750979795916479e+00
1.932114260069674572e+00
1.932896130716342142e+00
1.934084924041867160e+00
1.933280878172998429e+00
1.932600792754915142e+00
1.934251681359675734e+00
1.934655232609094000e+00
1.932881234481687249e+00
1.933865472019235199e+00
1.935200027556931879e+00
1.936369633520247602e+00
1.935700510026298504e+00
1.936928720537826498e+00
1.935348921843111691e+00
1.937052982727589745e+00
1.937330344847571384e+00
1.939193974975810919e+00
1.932824867790112977e+00
1.932357035643419430e+00
1.931138758199052674e+00
1.931037067607435986e+00
1.931109627012340013e+00
1.921522654296485166e+00
1.914096826002747553e+00
1.911347144873681847e+00
1.904823358837668623e+00
1.900708185943675188e+00
1.895830590971623764e+00
1.892795213030080248e+00
1.895649275992237426e+00
1.892247021466538115e+00
1.888730399588935738e+00
1.886022188660289478e+00
1.883719688166270112e+00
1.885372817303184734e+00
1.884421599691208149e+00
1.857366458165584655e+00
1.855991847615878543e+00
1.855965826869233837e+00
1.855456390013183077e+00
1.855053518619773412e+00
1.854907779069017382e+00
1.854413569598021283e+00
1.855764406673062306e+00
1.855254655860637314e+00
1.854742953608093936e+00
1.854073914732014883e+00
1.854838132252409233e+00
1.854679961195534910e+00
1.853816201615926529e+00
1.862152148166078769e+00
1.872247626039338142e+00
1.875211522440303868e+00
1.883561135420982913e+00
1.882483097930022220e+00
1.869635152774567155e+00
1.868993709876112463e+00
1.867978450446674321e+00
1.867628444303631285e+00
1.868531958429996420e+00
1.868043381818172533e+00
1.867784802179912829e+00
1.869396695854790513e+00
1.868432903280959900e+00
1.869799242127484940e+00
1.870000606461194259e+00
1.871258099597926661e+00
1.871444397998451192e+00
1.871033188867551766e+00
1.870085264798918567e+00
1.869950837579256842e+00
1.866126643398740015e+00
1.862428320549036620e+00
1.860170249044219348e+00
1.858560999508251044e+00
1.859012890857004052e+00
1.858238436766542767e+00
1.857889239575193363e+00
1.858669414607622805e+00
1.861074549581163362e+00
1.859479816521099282e+00
1.860560089252530913e+00
1.859496496780683517e+00
1.858811251318439384e+00
1.858207898651570211e+00
1.859122216702524755e+00
1.858648100379603152e+00
1.858458598359796987e+00
1.858481859860381613e+00
1.858700267953677931e+00
1.858683558619760312e+00
1.859831496844240428e+00
1.860860369347856258e+00
1.862567718386271665e+00
1.860011637436503440e+00
1.860400200961562334e+00
1.861492218773006968e+00
1.859860176127603237e+00
1.860039297254389545e+00
1.860125511120647168e+00
1.860105889230490250e+00
1.860809952231159414e+00
1.860442835610159662e+00
1.867568525463747742e+00
1.868064767310139151e+00
1.869556442650686989e+00
1.869817069982609992e+00
1.867893077533872015e+00
1.868731722770377024e+00
1.867972603093305928e+00
1.869289514192495005e+00
1.870450119867691718e+00
1.872114154955446752e+00
1.873285393282187128e+00
1.871620410668935142e+00
1.872833577748471034e+00
1.873290063402761163e+00
1.874899276213136012e+00
1.879796103092857829e+00
1.878663741266490161e+00
1.877260420064053692e+00
1.876834083540126263e+00
1.877279999867835336e+00
1.875776857517456264e+00
1.877321948370102467e+00
1.877035255989756513e+00
1.880330321562275309e+00
1.876767714691550237e+00
1.876696077133100715e+00
1.877105456338972189e+00
1.879512671935670731e+00
1.879966152266364210e+00
1.880070190998486490e+00
1.872572755847628612e+00
1.870584258409484946e+00
1.870218588435687890e+00
1.867079250090492915e+00
1.867467793867910508e+00
1.864985983183609974e+00
1.863910727287322766e+00
1.860026516948490860e+00
1.858620800098673032e+00
1.859034993999313601e+00
1.857414059071189394e+00
1.859629011105990548e+00
1.860006118163270328e+00
1.856038972487217720e+00
1.859679046319083318e+00
1.868454313857881521e+00
1.868962199405202140e+00
1.868605993564399048e+00
1.868840008885692683e+00
1.868676853891588330e+00
1.867667979478713880e+00
1.867148229996467235e+00
1.867327404612643127e+00
1.867842636356282560e+00
1.868279645332689087e+00
1.867103532279869027e+00
1.866306866506459272e+00
1.863743816837136080e+00
1.864748637015283927e+00
1.865876721759425649e+00
1.864704908890013391e+00
1.862109681917347048e+00
1.861044068267034612e+00
1.862010092429052799e+00
1.861800785216717102e+00
1.830831011302661571e+00
1.941420259480874266e+00
1.940463970651584491e+00
1.936337577751075401e+00
1.939562074249709944e+00
1.939695237360878233e+00
1.939787624779220510e+00
1.940612168390421166e+00
1.941533467336610697e+00
1.941468742381954549e+00
1.942090211285662837e+00
1.943011159581136793e+00
1.943819041695312722e+00
1.943318703828163185e+00
1.943818460960413885e+00
1.944689724497567163e+00
1.945399722375120710e+00
1.944821878833640882e+00
1.943284226740860765e+00
1.944529672487364858e+00
1.944831931156177030e+00
1.946588644108937061e+00
1.947587512573150770e+00
1.944426153769251764e+00
1.944903754287059305e+00
1.944213992882986242e+00
1.942080205515686941e+00
1.943095022497232316e+00
1.942908268102551572e+00
1.942072425810958514e+00
1.942148860175321401e+00
1.942753560787243705e+00
1.942582186612574313e+00
1.941518018859486716e+00
1.941454772944297469e+00
1.941697123754491328e+00
1.941369923836303135e+00
1.940509830387223467e+00
1.940709450173521589e+00
1.941107896518151632e+00
1.940540474092192769e+00
1.940475881452107254e+00
1.939954492496214433e+00
1.940850476120475898e+00
1.940789716879698368e+00
1.941143308569950987e+00
1.941568176039627280e+00
1.941664418070645937e+00
1.941183738437122441e+00
1.941611319233943034e+00
1.942328375897618864e+00
1.942933206067319896e+00
1.943337235791781081e+00
1.943344301245085282e+00
1.943097447614671180e+00
1.943134838106344242e+00
1.943145043650853054e+00
1.942864628687453132e+00
1.942499837909527960e+00
1.942480792691980040e+00
1.941931511412863243e+00
1.942678172414482374e+00
1.943786716223347533e+00
1.943822713841528715e+00
1.944368583510843740e+00
1.944949260138387537e+00
1.945547850449179883e+00
1.944679114565785127e+00
1.945357063556664379e+00
1.946165316205876517e+00
1.945597080765646192e+00
1.945230637659230544e+00
1.945813430328731775e+00
1.946068193319679507e+00
1.946231330766978074e+00
1.946706558173758816e+00
1.946828248332080458e+00
1.947552252717573706e+00
1.946694117033202609e+00
1.947179742468883257e+00
1.947623194142388714e+00
1.947899815179986449e+00
1.948071422944299691e+00
1.947922392430813110e+00
1.957385158715374329e+00
1.956687850221167979e+00
1.956782517513566022e+00
1.956344905354003183e+00
1.956958999777232089e+00
1.955917792839269254e+00
1.956341102778412555e+00
1.955660970055759229e+00
1.955376919715732909e+00
1.955884223427390767e+00
1.955977088020422583e+00
1.956140942892153012e+00
1.956082459988398581e+00
1.955829023157627411e+00
1.956542192154363091e+00
1.954107683425787778e+00
1.953816067771785514e+00
1.954283142925477224e+00
1.954204804568019815e+00
1.954361559360950906e+00
1.954758997957774191e+00
1.954629530778467794e+00
1.954656072628972785e+00
1.954903387667075165e+00
1.955063716047359845e+00
1.955141597846822288e+00
1.955709286665562097e+00
1.955113084008484270e+00
1.958352467320319201e+00
1.958501142978531950e+00
1.957827091891439553e+00
1.958327171490398255e+00
1.958221433749003815e+00
1.958871176665840430e+00
1.959497304152457930e+00
1.959737009312460421e+00
1.960206466845213713e+00
1.960461599948657430e+00
1.960939093900567309e+00
1.960422598095201474e+00
1.960786816008389666e+00
1.960638546915423719e+00
1.959709224989598875e+00
1.960027095221942295e+00
1.959161455595430423e+00
1.959761945463190047e+00
1.959492575095157951e+00
1.959737339464523886e+00
1.958086187031552905e+00
1.957745027171234220e+00
1.958449020634447590e+00
1.958827396310337754e+00
1.958273281798409649e+00
1.958346607669644746e+00
1.958800034401255497e+00
1.959049606413106437e+00
1.957755869033241503e+00
1.958257327310331419e+00
1.957831927312232878e+00
1.958036346389791627e+00
1.958541422395558174e+00
1.958410315390167744e+00
1.957648052142570316e+00
1.957983256724831866e+00
1.958434593524349010e+00
1.958927678067680977e+00
1.958890326661699044e+00
1.958920979983092225e+00
1.958732299232231355e+00
1.957491172862381168e+00
1.957613287049725592e+00
1.957917829857957592e+00
1.958132936954610104e+00
1.957485241359355754e+00
1.957243467291406747e+00
1.956460995132943248e+00
1.956832709018259342e+00
1.957155487596809573e+00
1.957475316242998753e+00
1.957851626086751784e+00
1.958495183191881095e+00
1.958265677891042555e+00
1.957943780603399242e+00
1.957756817752754008e+00
1.958324378195478888e+00
1.957897636350939941e+00
1.958396859248870525e+00
1.958634068483313895e+00
1.958630147381229536e+00
1.958623680107961285e+00
1.958298914829915693e+00
1.958406251750565374e+00
1.957572603165944614e+00
1.957806520311398346e+00
1.958096851379860004e+00
1.958070202616125632e+00
1.958192288495051336e+00
1.958235285977550477e+00
1.958257591336612036e+00
1.957262071066359965e+00
1.955921635188726526e+00
1.956468298272876050e+00
1.957425070623464380e+00
1.956400962937583365e+00
1.957938054598490574e+00
1.960729456177058738e+00
1.960551842385334309e+00
1.960065553332920318e+00
1.960385422638311725e+00
1.960331909198882228e+00
1.959365902961438977e+00
1.959801415017502046e+00
1.960163000568961200e+00
1.960626917006679015e+00
1.960763844531913991e+00
1.961060958362035977e+00
1.960819694241258127e+00
1.961236907616290104e+00
1.961686617379948094e+00
1.962393238191383560e+00
1.961367614509280655e+00
1.961432131561133607e+00
1.961950229739748641e+00
1.961377572540612180e+00
1.961291584351095629e+00
1.961459288545988500e+00
1.960514858456537723e+00
1.963701890371645886e+00
1.963414111496337933e+00
1.961978541608855986e+00
1.964043120807298592e+00
1.962853231089481509e+00
1.959771225020058516e+00
1.958927025855062398e+00
1.957490941821478536e+00
1.957520146200195432e+00
1.957678790010240588e+00
1.957872591230994219e+00
1.957494059151579258e+00
1.955431420537436571e+00
1.954669724166909317e+00
1.953811867295242033e+00
1.952745184624831376e+00
1.952695619479353661e+00
1.952788700205223549e+00
1.953527237074127898e+00
1.953797353832669392e+00
1.954004486210527913e+00
1.953212939033548645e+00
1.953683119232484833e+00
1.953477103520694813e+00
1.952900282634190132e+00
1.952978614973962079e+00
1.953224875384164783e+00
1.952644748138250508e+00
1.952366154456169456e+00
1.949649879929003626e+00
1.948107716959961211e+00
1.991593835127737577e+00
1.990879295125427717e+00
1.987195950105646647e+00
1.986735028263315606e+00
1.985772510188380524e+00
1.986663865909563453e+00
1.984521805672292194e+00
1.987257749668589701e+00
1.986445657832004663e+00
1.990251423015128696e+00
1.989607103973478397e+00
1.988512333823585942e+00
1.988048331938587987e+00
1.989080796358239978e+00
1.988533631081815356e+00
1.988414375015990165e+00
1.988336873417280160e+00
1.989641433030153950e+00
1.988760102550807707e+00
1.988563806007356716e+00
1.988216717734531125e+00
1.988920759668688865e+00
1.989057549108776968e+00
1.988737953030779160e+00
1.989884011141320963e+00
1.987804498162332401e+00
1.986961481473596303e+00
1.986687849466858280e+00
1.989391373423485598e+00
1.989322214574478442e+00
1.989382994233862112e+00
1.989377257958595768e+00
1.989130527622072764e+00
1.989763727300823071e+00
1.990351417273808599e+00
1.990566977041974495e+00
1.937285203716736959e+00
1.930182870066058376e+00
1.934204793050768201e+00
1.948820924791787812e+00
1.950975899331852226e+00
1.950745786857402964e+00
1.971126474993685873e+00
1.994873070629279432e+00
1.961587426546015811e+00
1.954771530950957681e+00
1.950878132848306912e+00
1.957728315900715055e+00
1.947337131862311610e+00
1.947140765046362132e+00
1.947295102765544073e+00
1.946760816332484767e+00
1.946979008358509011e+00
1.947480222971337271e+00
1.945306944217134459e+00
1.944743389386789145e+00
1.944577282182304856e+00
1.943581970813634596e+00
1.943598952740053898e+00
1.943491776419498995e+00
1.943806436018576944e+00
1.943774104224834653e+00
1.944283002537121829e+00
1.943594321311245432e+00
1.943266317694308354e+00
1.942701531008063975e+00
1.943659094363660467e+00
1.942991237940645100e+00
1.943107184029487122e+00
1.943438968431609126e+00
1.943873360244823489e+00
1.944544725810420260e+00
1.943846147696183246e+00
1.944299384139296150e+00
1.944742858945546216e+00
1.944570503004379169e+00
1.944020319834761423e+00
1.944125972422992454e+00
1.944361141730831966e+00
1.943897625068936597e+00
1.943864586999745514e+00
1.944618195050821008e+00
1.944152165158309131e+00
1.944056415301609109e+00
1.943716077656693741e+00
1.943643262918899550e+00
1.943105223744596932e+00
1.943175315408128379e+00
1.942764647854531512e+00
1.942668210432622056e+00
1.942283469139949981e+00
1.942209103839822815e+00
1.942352297659348581e+00
1.942342344078463734e+00
1.942701802138147471e+00
1.943011829077847530e+00
1.943158369247898642e+00
1.943292605681933738e+00
1.943660847783758250e+00
1.942940679469249643e+00
1.942953421027514116e+00
1.943394096209874577e+00
1.943681548641171375e+00
1.943782932273673048e+00
1.944281720246254119e+00
1.942944019936170941e+00
1.942454372246305239e+00
1.940645863957870754e+00
1.940863456735919534e+00
1.939281009164559810e+00
1.937547625204798729e+00
1.938647462983099423e+00
1.937343721528118179e+00
1.936982875920653990e+00
1.935635632735103862e+00
1.934918042152580675e+00
1.936302867817424334e+00
1.935034649514985938e+00
1.933759861338352204e+00
1.927423268262782097e+00
1.915789376269464661e+00
1.918214010524359026e+00
1.917165300464729993e+00
1.916348471230115758e+00
1.916057304194441313e+00
1.917473679970195244e+00
1.917204439352637957e+00
1.916484682038212428e+00
1.916792529873220685e+00
1.916726034728603922e+00
1.917017949100052077e+00
1.915751130832361149e+00
1.915958227740689024e+00
1.916007956616494035e+00
1.916116144648212449e+00
1.915773318964481220e+00
1.915534514553728807e+00
1.915165712606163417e+00
1.915182227342935972e+00
1.915592943547415716e+00
1.915877752094434783e+00
1.915807576837496695e+00
1.916915299468057166e+00
1.917457693761755566e+00
1.917310136500660844e+00
1.916720154008779486e+00
1.917846270687796340e+00
1.918186581128238588e+00
1.918780135798204611e+00
1.918212747828454967e+00
1.918421170679621923e+00
1.917847100278650574e+00
1.918104482419983325e+00
1.918369650731608367e+00
1.918966437517129364e+00
1.918448711732515299e+00
1.918734522573403822e+00
1.918445335292641829e+00
1.917680583659578275e+00
1.917116790674216809e+00
1.916156510559656523e+00
1.916110799864953806e+00
1.916420703587494279e+00
1.917277977341495188e+00
1.917186214990662441e+00
1.916748553293630586e+00
1.916370742657602877e+00
1.922299448312991821e+00
1.920704689114209884e+00
1.898839930197447678e+00
1.898490310702702244e+00
1.898567944833478904e+00
1.899389282762325992e+00
1.898940612035094233e+00
1.898609716224322952e+00
1.898152849701755907e+00
1.898038021118561680e+00
1.898387873486652166e+00
1.898750142985784928e+00
1.898971779846079899e+00
1.899318846504584046e+00
1.898947966810325516e+00
1.898883442367517160e+00
1.898579886943178474e+00
1.899242925309652108e+00
1.899267464709864184e+00
1.899523743240065565e+00
1.899403283925727104e+00
1.899416680709664851e+00
1.899556758269862700e+00
1.899460442266607707e+00
1.898940214213956201e+00
1.899116748763915341e+00
1.900031367881336530e+00
1.900536073816007310e+00
1.901170639317716793e+00
1.900555033527161486e+00
1.900662123670518788e+00
1.899836773701045090e+00
1.900010080183922812e+00
1.899812863863457935e+00
1.899703509036075211e+00
1.899776520468156704e+00
1.899326890953165092e+00
1.899099244500257022e+00
1.900133203381660918e+00
1.899898301734498363e+00
1.900586113892327234e+00
1.900668476986999922e+00
1.901219202784301343e+00
1.901792558823512280e+00
1.901211468052435238e+00
1.900548324016693158e+00
1.899629857429339319e+00
1.899524394435015084e+00
1.899589351843442353e+00
1.899353575434127528e+00
1.899242960400653324e+00
1.899463962774726289e+00
1.899348052256879305e+00
1.899383545338968249e+00
1.898780815704874447e+00
1.898630862938695207e+00
1.897800734164701852e+00
1.897742344649838486e+00
1.898095238876092550e+00
1.897708111408152432e+00
1.897901445039379853e+00
1.897950711649148969e+00
1.897691008714805561e+00
1.897872099656236822e+00
1.897737507931991585e+00
1.898077142804319939e+00
1.898256035071699488e+00
1.898106223485258814e+00
1.898270549888546155e+00
1.898326853261252056e+00
1.898584460712073652e+00
1.898841872798861630e+00
1.898621964195450262e+00
1.899142768057646480e+00
1.899268633277370943e+00
1.899219470325332892e+00
1.898864224045160531e+00
1.898821525464664761e+00
1.898759421877496800e+00
1.898733450735958783e+00
1.899271677616534815e+00
1.901173056864865485e+00
1.901642131520815182e+00
1.901160724284912895e+00
1.900745698886016077e+00
1.900861975262307935e+00
1.900737213637714085e+00
1.900924491670628491e+00
1.901008341445577621e+00
1.901040301803177845e+00
1.901491763318508665e+00
1.901461196696099476e+00
1.901644991983705735e+00
1.901632451362883280e+00
1.901642562415983617e+00
1.901547229996672028e+00
1.901556870073798144e+00
1.901002355914630515e+00
1.901038378269522156e+00
1.900871883132622564e+00
1.901154111085621601e+00
1.901351913206525746e+00
1.900365624317057689e+00
1.899685910922751964e+00
1.900249046688165189e+00
1.900242768230307355e+00
1.900378995327908882e+00
1.899967534368979694e+00
1.900183384994811098e+00
1.900408979878178473e+00
1.900340299417705658e+00
1.900537222521948344e+00
1.900779839184514985e+00
1.900891296814263276e+00
1.900999818913537531e+00
1.900630133739189986e+00
1.900365861509532239e+00
1.900712280006491950e+00
1.899761155191573181e+00
1.899308426572366093e+00
1.898911852573627046e+00
1.898989323340252611e+00
1.898963210850575178e+00
1.899055174141964786e+00
1.898419581917542009e+00
1.898420981479150171e+00
1.898576019477796750e+00
1.898341031558727687e+00
1.898795635627269052e+00
1.898407337093968694e+00
1.898568499143647337e+00
1.898269265796989957e+00
1.898234035271263664e+00
1.897737691335906751e+00
1.897333272040041763e+00
1.897325435947258221e+00
1.896355750463437850e+00
1.896549525465870856e+00
1.896558355331732004e+00
1.896669053149567796e+00
1.896782412970967391e+00
1.896914067044479291e+00
1.897014186111889211e+00
1.896973335371733071e+00
1.897236862161595150e+00
1.896721416851256947e+00
1.896807118302000106e+00
1.896319252464879312e+00
1.896524384053240864e+00
1.896263096633285627e+00
1.896013279965704568e+00
1.896036426477679671e+00
1.896506731219558262e+00
1.896456504900356999e+00
1.896521702565156398e+00
1.896603965837668326e+00
1.896150327694977156e+00
1.896060652725294338e+00
1.896122828370979008e+00
1.896504758743216668e+00
1.896478057021309560e+00
1.896436210953099888e+00
1.896354829333920522e+00
1.896431600786942617e+00
1.896245484611058574e+00
1.895035037841636516e+00
1.894601104734430441e+00
1.894167413621548057e+00
1.894031813881318582e+00
1.892105708806453457e+00
1.892525523786646957e+00
1.892587946533643262e+00
1.892788136120463927e+00
1.893070467437338200e+00
1.892855258279529496e+00
1.892967510042976587e+00
1.892337365886343159e+00
1.892415177295451612e+00
1.892056197243418225e+00
1.891924917463386757e+00
1.891901902534192770e+00
1.892140853276547796e+00
1.891956922937952257e+00
1.892108497599736872e+00
1.892461502678461693e+00
1.892865587066105304e+00
1.892862665538493472e+00
1.892552769756578712e+00
1.892988369939301307e+00
1.893340249559122945e+00
1.894071932995285978e+00
1.892946107454464233e+00
1.893466361282020616e+00
1.893743311410580610e+00
1.894020517331312492e+00
1.894262036678764582e+00
1.894401510325365301e+00
1.893260426025069831e+00
1.892244355078695373e+00
1.892367133785507471e+00
1.892081344435118773e+00
1.891941801657104127e+00
1.891524458289174371e+00
1.891608739493832347e+00
1.891819177423555098e+00
1.891798966384178549e+00
1.891633868972434351e+00
1.891225844844218296e+00
1.891406658382445372e+00
1.891419791461958377e+00
1.890955710297221204e+00
1.891185209152912217e+00
1.891364947835153743e+00
1.891325203250699305e+00
1.891093198091980954e+00
1.891075978469494601e+00
1.891156488392250923e+00
1.891223519982530687e+00
1.891098261642747858e+00
1.890895254088812427e+00
1.890816769340070147e+00
1.890823421618528011e+00
1.890732713115043095e+00
1.891032839750270034e+00
1.890958177016368813e+00
1.891011357789844638e+00
1.890748046066255350e+00
1.890343796593517034e+00
1.890678313624421181e+00
1.890532383658456439e+00
1.890553653538906476e+00
1.890124399000236766e+00
1.889945378512907892e+00
1.891041571191567350e+00
1.891114176956121051e+00
1.891010073466894648e+00
1.890823736026025825e+00
1.890681049696035565e+00
1.890597372060530468e+00
1.881867365985643303e+00
1.882215656414281790e+00
1.880112301321797075e+00
1.878734528926597314e+00
1.880565434841273253e+00
1.880277311238335081e+00
1.880927626018034315e+00
1.882060689775083562e+00
1.881821369395841437e+00
1.883470677106314994e+00
1.884066856821454472e+00
1.884629579972129099e+00
1.892198576530926601e+00
1.895358726550657735e+00
1.897625877610136902e+00
1.900532839476126279e+00
1.900358090467619609e+00
1.898001139723844100e+00
1.897865175378666391e+00
1.897808490374599311e+00
1.897609288846380915e+00
1.897536742423684863e+00
1.897357719807457821e+00
1.897302315672866113e+00
1.896859738135389994e+00
1.896905857343102797e+00
1.896822771653005058e+00
1.896874816347801307e+00
1.896603782114009817e+00
1.896549942974832703e+00
1.896411571750703073e+00
1.896380244985673480e+00
1.896608947535266099e+00
1.896792878524864001e+00
1.896687952270487143e+00
1.896799461174131451e+00
1.896788121041655062e+00
1.897127318316724098e+00
1.897093151331597838e+00
1.897048769012616765e+00
1.897081560069780126e+00
1.897179220070323025e+00
1.897132037971133167e+00
1.897078210139177878e+00
1.897255388426079881e+00
1.897988498441838701e+00
1.902144833793287804e+00
1.907247955927407146e+00
1.910347316314218391e+00
1.909921151504432091e+00
1.910265549686139153e+00
1.903490144864581346e+00
1.903495382747452780e+00
1.903318805483359411e+00
1.903219225168022000e+00
1.903194762849971022e+00
1.903307966302051346e+00
1.903326723125770004e+00
1.903163565763305920e+00
1.903228060067206684e+00
1.902734205569475812e+00
1.902781010729272637e+00
1.902895170691769167e+00
1.903045841714950503e+00
1.902966327285964043e+00
1.903040787738067507e+00
1.903276931714189546e+00
1.903195813866569885e+00
1.903035608605944118e+00
1.903103356723060635e+00
1.903163901943847991e+00
1.903071257538406114e+00
1.903111090093203783e+00
1.902859634615388984e+00
1.902854067238632041e+00
1.902690174624796171e+00
1.902625191899337542e+00
1.902633274618299453e+00
1.902600800602251674e+00
1.902901953464191331e+00
1.902691114776779990e+00
1.902459740152262713e+00
1.902354721371383839e+00
1.902220581410976274e+00
1.902348953798313147e+00
1.902261500230268076e+00
1.902489024985604127e+00
1.902754560818597396e+00
1.903120280141577858e+00
1.902981974441567692e+00
1.902746773495215926e+00
1.903311088755955671e+00
1.903303025872513432e+00
1.903269173963183958e+00
1.903359298837907110e+00
1.903048036437891888e+00
1.902949945727034908e+00
1.902991464869524973e+00
1.902914631011002777e+00
1.903147889904649226e+00
1.902877060658761499e+00
1.902569338187460213e+00
1.903067976168206554e+00
1.902887969841618565e+00
1.902741983506079926e+00
1.903654744124245513e+00
1.903651291595166661e+00
1.903564234470415784e+00
1.903496337413403516e+00
1.903190300940748259e+00
1.903042656094065421e+00
1.902871979075456244e+00
1.902818956529125138e+00
1.902623604446427974e+00
1.902516282381105484e+00
1.902708544334429597e+00
1.902747275730602317e+00
1.902989670239238373e+00
1.902930828542483299e+00
1.902791770156543327e+00
1.902726760886561230e+00
1.902764684208086088e+00
1.902620750770569691e+00
1.902373890685925995e+00
1.902162465944553515e+00
1.902270178163375958e+00
1.902213962359170507e+00
1.902173490043855386e+00
1.902277490860243114e+00
1.902311431786615659e+00
1.902052965260035089e+00
1.902003012507106350e+00
1.901951616575292547e+00
1.901888340843366221e+00
1.902064500910148448e+00
1.902045931905313347e+00
1.902132296014302115e+00
1.902104953001390264e+00
1.902117584272420281e+00
1.902161838010732131e+00
1.902193500124501613e+00
1.902519441920400789e+00
1.902551433016125948e+00
1.902415719048338838e+00
1.902412742793882172e+00
1.902484311211756873e+00
1.902601044389674589e+00
1.902509207671605473e+00
1.902562427849375348e+00
1.902647827899113908e+00
1.902427450113949092e+00
1.902770475943594164e+00
1.902758266974853063e+00
1.902818220571931507e+00
1.902793765971412476e+00
1.902804624347730567e+00
1.902878608580786945e+00
1.902713515673146949e+00
1.902876931866714472e+00
1.902067187981781649e+00
1.902036118307749213e+00
1.901910122152280946e+00
1.901997737748549966e+00
1.901892447629387028e+00
1.901877735467645492e+00
1.901944227070262450e+00
1.901900198138244624e+00
1.901558368173853708e+00
1.901370268440587763e+00
1.901334520131727324e+00
1.901238456319350290e+00
1.901205900760819745e+00
1.901155809705057820e+00
1.901132735769053284e+00
1.901144788969977517e+00
1.901188468436947332e+00
1.901066098245584479e+00
1.901096752260150957e+00
1.901136681133449136e+00
1.900941120389829875e+00
1.901134515853044826e+00
1.901187501409645320e+00
1.901273807336821831e+00
1.901309268508184047e+00
1.901310730747825639e+00
1.901274862123615295e+00
1.901222922823121664e+00
1.901140653651866019e+00
1.901067807669007514e+00
1.901005692400291158e+00
1.900984751540373274e+00
1.901036799623423645e+00
1.900873169211332758e+00
1.900843674755460677e+00
1.900532421213602774e+00
1.900467175292107846e+00
1.900417899768361174e+00
1.900447780357636729e+00
1.900452366895024836e+00
1.900410021444736364e+00
1.900463710637534831e+00
1.901398275104240199e+00
1.902464798832202986e+00
1.904447489012085049e+00
1.904761047665276097e+00
1.900933034063909233e+00
1.901332282027902387e+00
1.902612541832689352e+00
1.904337287832751358e+00
1.907025121432905701e+00
1.900657772797367473e+00
1.900708682191983412e+00
1.900672737243250809e+00
1.900804354990117462e+00
1.900967362545374462e+00
1.901228350034682713e+00
1.901690714669606486e+00
1.901865286048997072e+00
1.902074494348480194e+00
1.902076922266557446e+00
1.902536324916708432e+00
1.903550131089915665e+00
1.904544877772892830e+00
1.906111544593115381e+00
1.906913731743524520e+00
1.905380765156343470e+00
1.905991781196386237e+00
1.907416091963174187e+00
1.906657149368097492e+00
1.903413875121269250e+00
1.903337715231299576e+00
1.903642623201504458e+00
1.903851746136777656e+00
1.904303883811210518e+00
1.902331116607221206e+00
1.902347540701942563e+00
1.902335463989113684e+00
1.902214183634565403e+00
1.902212045716971112e+00
1.902270746962090975e+00
1.902316932407710270e+00
1.898600682452594945e+00
1.898694997204865231e+00
1.898613132573710116e+00
1.898695759748249223e+00
1.898620568124248509e+00
1.899130133630435813e+00
1.899123107258193999e+00
1.898952430570544303e+00
1.899232464954715427e+00
1.899540616681982597e+00
1.899627256737313141e+00
1.899564228553253464e+00
1.899509160962901566e+00
1.899766644849595787e+00
1.899846602966252851e+00
1.899866466445512936e+00
1.899649385628488618e+00
1.899646415651597975e+00
1.899700043485400114e+00
1.899651262971336463e+00
1.899580389219291510e+00
1.899585275180690980e+00
1.898615034166336146e+00
1.898351045184285546e+00
1.898899389505778856e+00
1.899087879438043691e+00
1.899180586267524840e+00
1.898978738307168790e+00
1.898999073228320178e+00
1.899051064424757795e+00
1.898946141885961447e+00
1.898908440479576631e+00
1.898785814411395156e+00
1.898866863363432023e+00
1.898799317898994587e+00
1.898832840966191426e+00
1.898851687323566573e+00
1.898762894915210664e+00
1.898775261128408998e+00
1.898622587719379640e+00
1.898511575066490709e+00
1.898589023348672633e+00
1.898543934573915237e+00
1.898508105109495858e+00
1.898773240661232542e+00
1.898835506251654648e+00
1.898880973429360131e+00
1.898877744048645289e+00
1.898963684704541244e+00
1.899054349073985515e+00
1.899079819700642657e+00
1.899077283975000752e+00
1.898986291183842434e+00
1.898937190428509725e+00
1.898651408665051443e+00
1.898711325236013492e+00
1.898721403078948322e+00
1.898314721964559970e+00
1.898280729428451385e+00
1.898285298511664498e+00
1.898240285342483347e+00
1.898313526629081815e+00
1.898401841577462834e+00
1.898363543824516775e+00
1.898350407705327036e+00
1.898024754231515177e+00
1.897925259253320673e+00
1.897887779196703484e+00
1.897830330765214013e+00
1.897773114663397820e+00
1.897764486827019814e+00
1.897621569444524647e+00
1.897620147646182254e+00
1.897623945887050523e+00
1.897607138295597018e+00
1.897639498553065573e+00
1.897636318172893466e+00
1.897683601378641116e+00
1.897653261518824186e+00
1.897728946580789833e+00
1.897514034346296841e+00
1.897521866083513808e+00
1.897592846851313020e+00
1.897564467574579083e+00
1.897379434984544977e+00
1.897492966636368017e+00
1.897511897266359826e+00
1.897669068368815770e+00
1.898566742585261480e+00
1.898716029708874986e+00
1.899639663461297978e+00
1.900946304322964631e+00
1.900400310942972792e+00
1.901020330614479059e+00
1.900793417306249511e+00
1.899582933596705381e+00
1.898862278420847316e+00
1.898961152602947733e+00
1.899021308098021388e+00
1.898569488261561355e+00
1.898551678540025378e+00
1.898319390416622454e+00
1.898262141959346616e+00
1.898276940595108542e+00
1.898301621791251392e+00
1.898122086930418284e+00
1.898109824330603601e+00
1.898137636312993815e+00
1.898189190044278218e+00
1.898287661920128100e+00
1.897634011004430077e+00
1.896673429615458595e+00
1.896187360290152668e+00
1.896261494373550738e+00
1.896155469199878540e+00
1.896249725199990133e+00
1.896173527671002779e+00
1.896139073434349065e+00
1.896226555010710912e+00
1.896096502665155725e+00
1.895818906315437147e+00
1.895962380197985020e+00
1.895990044097987548e+00
1.896048353806690789e+00
1.896133205963551838e+00
1.894816837770568085e+00
1.894853922632224519e+00
1.894820296986571284e+00
1.894853011583729652e+00
1.890805010782073303e+00
1.890808941173198088e+00
1.890664855367684138e+00
1.890682136573514471e+00
1.890584795932980677e+00
1.890545058966027314e+00
1.890404150730857324e+00
1.890282024954206941e+00
1.890277601641590088e+00
1.890335933290207437e+00
1.889904529159631252e+00
1.889983330854456689e+00
1.890046062420334794e+00
1.889990465790378771e+00
1.889925476578517838e+00
1.889841975577471578e+00
1.890140945543469009e+00
1.890232146030968563e+00
1.890245986464801353e+00
1.890267168934505193e+00
1.890224466035764550e+00
1.890230082516084265e+00
1.890334240111171349e+00
1.890333284980511896e+00
1.890279245967976030e+00
1.890287443527778777e+00
1.890340922222865538e+00
1.890378066103604482e+00
1.890355669196391197e+00
1.890391840542604340e+00
1.890451748369756935e+00
1.890385564205771418e+00
1.890440615944692704e+00
1.890470998169984540e+00
1.890429409765592927e+00
1.890318606122773026e+00
1.890247956160971965e+00
1.890241010922570908e+00
1.890235281966496705e+00
1.890106284945700432e+00
1.889993981927939659e+00
1.889895719160135101e+00
1.889882719625311402e+00
1.889826525083067033e+00
1.889817412361543214e+00
1.881060781426500350e+00
1.881156217251716223e+00
1.881002327842843824e+00
1.881029961778917681e+00
1.881031310141028312e+00
1.881035484639959288e+00
1.881023663391540035e+00
1.881067105990745558e+00
1.880952731583312554e+00
1.880892688734549623e+00
1.880785483872797315e+00
1.880749384344633235e+00
1.880551170612424272e+00
1.880653095105856432e+00
1.881037836571090027e+00
1.881088901394286195e+00
1.881072339180293040e+00
1.881026260399190742e+00
1.881062367246276734e+00
1.881085453737966651e+00
1.881017833209401857e+00
1.881043994855652324e+00
1.880869464907426014e+00
1.880850564312697593e+00
1.880895457108478830e+00
1.880885901810233962e+00
1.880963230409207876e+00
1.880895349542331063e+00
1.880634015748608334e+00
1.882069473774719226e+00
1.882093781327486282e+00
1.882108058051943589e+00
1.882186074616621241e+00
1.882041395140080509e+00
1.882071149305848179e+00
1.882194098744873090e+00
1.882118122630745072e+00
1.882168116427415328e+00
1.882227277976638469e+00
1.882153506227015383e+00
1.881961663728749734e+00
1.881905056465397186e+00
1.882123239170042872e+00
1.882144677364797403e+00
1.882221358484684748e+00
1.882195764773837432e+00
1.882049127402440680e+00
1.881974325048816565e+00
1.881929828520299885e+00
1.881868108738737222e+00
1.881861198397217327e+00
1.881782153099349264e+00
1.881691121466797290e+00
1.881806800669020285e+00
1.881738193784314950e+00
1.881670976850726262e+00
1.881788538661778754e+00
1.881762074127476536e+00
1.881689474684352215e+00
1.881652070080750194e+00
1.881719106295781208e+00
1.881734196472234499e+00
1.880461392436583834e+00
1.880477395115297989e+00
1.880499872807463779e+00
1.880390617475872217e+00
1.880450153252340106e+00
1.880328128601739257e+00
1.880242373919124077e+00
1.880353152165611830e+00
1.880363674316912759e+00
1.880311529675918303e+00
1.880288838248977301e+00
1.880244840526265948e+00
1.880252664215973368e+00
1.880250390387971926e+00
1.880083978351085650e+00
1.880099261926762688e+00
1.880097410688677861e+00
1.880050049954498315e+00
1.880099594516478900e+00
1.880169232911411470e+00
1.880216760360090333e+00
1.871829476419007543e+00
1.871837580540075097e+00
1.871886633243285081e+00
1.871925263667535866e+00
1.871978821776677071e+00
1.872061995792515754e+00
1.872080392911486868e+00
1.872025276321183318e+00
1.872175137719367610e+00
1.872265624940089301e+00
1.872386446114158831e+00
1.872455135808671178e+00
1.872404777301605483e+00
1.872394070200543714e+00
1.872422147651171542e+00
1.872337293167467109e+00
1.872375982812297224e+00
1.872282706224750015e+00
1.872237930520567639e+00
1.872245399897837670e+00
1.872295487044490558e+00
1.872377812611023762e+00
1.872494888855875450e+00
1.872543984367800673e+00
1.872476232345674729e+00
1.872386345857334211e+00
1.872649718643173422e+00
1.872595943638993177e+00
1.872568935509612453e+00
1.872463842355343688e+00
1.872501064451666641e+00
1.872453935367338396e+00
1.872312767650310406e+00
1.872497187060785828e+00
1.872469032025477986e+00
1.872193468294769625e+00
1.872427041817307236e+00
1.872531988042814399e+00
1.872478452773972402e+00
1.872545427664882522e+00
1.872123284265060361e+00
1.872103239302600697e+00
1.872127868940127060e+00
1.872158653973702735e+00
1.872143185423546852e+00
1.871953574694260380e+00
1.871887895367047916e+00
1.872032590324481660e+00
1.872135638876988972e+00
1.871995560063389297e+00
1.872186729724769849e+00
1.872144372707630344e+00
1.872796559848938003e+00
1.872758767047272732e+00
1.872727925993951770e+00
1.872748356464459585e+00
1.872817111965250136e+00
1.872838905907663554e+00
1.872861659894776487e+00
1.872832937308416268e+00
1.872771400861618529e+00
1.872462499552232984e+00
1.872401978589960825e+00
1.872367104202377952e+00
1.872507357586666643e+00
1.872604487715499921e+00
1.872471977483888717e+00
1.872504110517003051e+00
1.872356075065747083e+00
1.872430465587810344e+00
1.872476017254006697e+00
1.872293919918542437e+00
1.872970267084705043e+00
1.872965372939591644e+00
1.872412205415162623e+00
1.872046946624623009e+00
1.871787243959535774e+00
1.871571215303461377e+00
1.871157894102134955e+00
1.871248173185654951e+00
1.871116516814778308e+00
1.871041915908774778e+00
1.871089109143418083e+00
1.871147317473180749e+00
1.871120735920039913e+00
1.871148963261575870e+00
1.871060301133576464e+00
1.870931412773973790e+00
1.870962311269066314e+00
1.870907977210851003e+00
1.870890147596048214e+00
1.870921476318347487e+00
1.870988550067819611e+00
1.870967476672503738e+00
1.871021849319321584e+00
1.870968185929734240e+00
1.871022799967694716e+00
1.871307208026940394e+00
1.871277968737340425e+00
1.871185568086339179e+00
1.871172519367940490e+00
1.871221049319143015e+00
1.871185673526673421e+00
1.871149486790276706e+00
1.871189705713783624e+00
1.871235396313661647e+00
1.871309003577489749e+00
1.871402617005358815e+00
1.871502813910746132e+00
1.871434711080885549e+00
1.871411074538418040e+00
1.871456297594141560e+00
1.871417096246801970e+00
1.871422745066975812e+00
1.871483345955518685e+00
1.871544644614109743e+00
1.871420440845462663e+00
1.871405331548154249e+00
1.871469236202368158e+00
1.871414740882425543e+00
1.871398808952162485e+00
1.871422480712062963e+00
1.871433809761719358e+00
1.871451866418819554e+00
1.871438735583979218e+00
1.871468643206697813e+00
1.871495009824118760e+00
1.871487408055281465e+00
1.871537567520364709e+00
1.871473621416029021e+00
1.871209690142970450e+00
1.871363687951821397e+00
1.871334073827600086e+00
1.871308040897638802e+00
1.871351241700748291e+00
1.871438794612614531e+00
1.871452167631607821e+00
1.871337194077399291e+00
1.871341567727120347e+00
1.871405461972175610e+00
1.871504997808429716e+00
1.871526569761792658e+00
1.871499009580875006e+00
1.871549025063756977e+00
1.871598085386517285e+00
1.871639870288390073e+00
1.871672459272492262e+00
1.871661349300482113e+00
1.871712254402710274e+00
1.871691586954584929e+00
1.871705960372951116e+00
1.871778494024704642e+00
1.871729133826880664e+00
1.871688279843597202e+00
1.871659386771503675e+00
1.871582502006795989e+00
1.871429033438487322e+00
1.871653074757156254e+00
1.871763383334316799e+00
1.871820839144590076e+00
1.871867791309008711e+00
1.871811961999946261e+00
1.871991184222003390e+00
1.872490728479059285e+00
1.872862442361006297e+00
1.872916905226703621e+00
1.872917947964973129e+00
1.872976953169692926e+00
1.873028144800612083e+00
1.873003775789984227e+00
1.873133053834419526e+00
1.873038567174270197e+00
1.873005950232604411e+00
1.873019427668480619e+00
1.872905102651803100e+00
1.872957819046894734e+00
1.877392254761243606e+00
1.877421975192064663e+00
1.877414470092309884e+00
1.877442083676882367e+00
1.875238960605671634e+00
1.873517855423167733e+00
1.873141187386702988e+00
1.872971090688188900e+00
1.874208177574519851e+00
1.876483520096652313e+00
1.875672841250324963e+00
1.872534449560489200e+00
1.872518505936047850e+00
1.872595486650794783e+00
1.872422070836199381e+00
1.872299634924426970e+00
1.871898070817093584e+00
1.871890954855721212e+00
1.871965940878191459e+00
1.873760310277270413e+00
1.873732930835534605e+00
1.873843176078372919e+00
1.873929220222501302e+00
1.873774700717087072e+00
1.873789843963160395e+00
1.873703682033082352e+00
1.873755196487105090e+00
1.873747318979973819e+00
1.873804970881908671e+00
1.873723499753965571e+00
1.873660200145158106e+00
1.873679711818576399e+00
1.873808099906905555e+00
1.873796716493913328e+00
1.873779153860013480e+00
1.873897335658646357e+00
1.873832924394996047e+00
1.873879639196692759e+00
1.873940486124048066e+00
1.874056193864271025e+00
1.874026579025727335e+00
1.874085320246732911e+00
1.874074574158463014e+00
1.873980959883009723e+00
1.874093397878131562e+00
1.874151105290890351e+00
1.874238819731270267e+00
1.874263680766079299e+00
1.874325528848582723e+00
1.874346534934954178e+00
1.874371166337036820e+00
1.874423480644447970e+00
1.874403828065375421e+00
1.874389186114239436e+00
1.874386905313149887e+00
1.874418139584025367e+00
1.874322344651462968e+00
1.874280758561506000e+00
1.874305565875035606e+00
1.874221440920117665e+00
1.874197219791380542e+00
1.874297427878314659e+00
1.874378960401885452e+00
1.874170017285386125e+00
1.874252648956479028e+00
1.874291021495393617e+00
1.874281335194461384e+00
1.874317634173491065e+00
1.874302222832595177e+00
1.874276745585462978e+00
1.874339822311048565e+00
1.874324005681519800e+00
1.874412243484076201e+00
1.874527462122814514e+00
1.874619331682859658e+00
1.874654962092185295e+00
1.874802357407577835e+00
1.874758666344101821e+00
1.874839726608278800e+00
1.874853889536634233e+00
1.874684026477519083e+00
1.874569188340030168e+00
1.874490515579736005e+00
1.874461913503938204e+00
1.874477456060511527e+00
1.874559322281551532e+00
1.874618007054452029e+00
1.874667172631181211e+00
1.874640198529123891e+00
1.874634316549067536e+00
1.874615762583352163e+00
1.874447077707650289e+00
1.874505095710240932e+00
1.874365713723727511e+00
1.874413000367359361e+00
1.874411040055040223e+00
1.874337020631427597e+00
1.874292401364876293e+00
1.874269593063701445e+00
1.874251053636930342e+00
1.874279316919399641e+00
1.874206668540252307e+00
1.874209841351774264e+00
1.874303096648071820e+00
1.874295795277314935e+00
1.874296532233093560e+00
1.874375552262697475e+00
1.874500502389813583e+00
1.874508237362092267e+00
1.874525588875328497e+00
1.874556171817035377e+00
1.874600012811041827e+00
1.874639966855631057e+00
1.874742973227456533e+00
1.874814039463416959e+00
1.874840334493589777e+00
1.874919264773701855e+00
1.874957855309171917e+00
1.874938487923515806e+00
1.874846096221185698e+00
1.874866596023862853e+00
1.874887870605432383e+00
1.874638031850831110e+00
1.874447302222698397e+00
1.874393611729088249e+00
1.874248127899288185e+00
1.874095752672330972e+00
1.873882562920579753e+00
1.873880769121303302e+00
1.873887754513450465e+00
1.874192832552380450e+00
1.873957182463411142e+00
1.874310450647000303e+00
1.874154311766499381e+00
1.873964487888735597e+00
1.873675742889879814e+00
1.873621823178173829e+00
1.873463438223486932e+00
1.873343180153264287e+00
1.873136308569496533e+00
1.873038155680708305e+00
1.873216685114124536e+00
1.873064484929628071e+00
1.872945195092569959e+00
1.873059849091861073e+00
1.873399709919399525e+00
1.873194241641167324e+00
1.873332728016831039e+00
1.873296554759670718e+00
1.873292871715287466e+00
1.873430813935984540e+00
1.873132746563873186e+00
1.873635649762179112e+00
1.874283290751382003e+00
1.873938915282514772e+00
1.874644650839993432e+00
1.873129694345229801e+00
1.872999650443740061e+00
1.872902957723182382e+00
1.872601693896821962e+00
1.873226176143179877e+00
1.861522656662391251e+00
1.861558388546339593e+00
1.861249486745920612e+00
1.861005275232629153e+00
1.861046598164516119e+00
1.861032438011410717e+00
1.861144029006275069e+00
1.861119273190863455e+00
1.861175779903346372e+00
1.861080289487253792e+00
1.861162779451593030e+00
1.861131378453305230e+00
1.861116862845513920e+00
1.861174997970474143e+00
1.861178988353987096e+00
1.861170643116605738e+00
1.861225066813462226e+00
1.861241715372917938e+00
1.861180269365515949e+00
1.861112627609077030e+00
1.860963383622793010e+00
1.860964134498108713e+00
1.861022837610518899e+00
1.860964610154711041e+00
1.861061464480871175e+00
1.861024930409437728e+00
1.861097407173098794e+00
1.861068375677916720e+00
1.861045668554220489e+00
1.861036083795810869e+00
1.860887563556749891e+00
1.861348522055297217e+00
1.861371065197839014e+00
1.861396982009836831e+00
1.861472157910545766e+00
1.861445866925195425e+00
1.861519511010862660e+00
1.861541211702502308e+00
1.861591001529600442e+00
1.861566775773865645e+00
1.861641885820050080e+00
1.861770430729747794e+00
1.861769530981276732e+00
1.861881596468253131e+00
1.861974977979510060e+00
1.861953847611999224e+00
1.861966273329492827e+00
1.861947948152446353e+00
1.861972669306977579e+00
1.861904074100602768e+00
1.861848279545475826e+00
1.861772901442319883e+00
1.861802939998316697e+00
1.861725213989915195e+00
1.861693032118387547e+00
1.861511487056804137e+00
1.861558926953452930e+00
1.861619268786133041e+00
1.861528113632492820e+00
1.861572657435614397e+00
1.861542245930033035e+00
1.861511461548039037e+00
1.861553559643915001e+00
1.861507729604779948e+00
1.861572954085762177e+00
1.861571968325327120e+00
1.861590552569273749e+00
1.861629567384791573e+00
1.861613863368056121e+00
1.861722045483600319e+00
1.861606809994707179e+00
1.861472428699966430e+00
1.861370493302626050e+00
1.861308323992142855e+00
1.861334098424742622e+00
1.861386658451261944e+00
1.861375246120031912e+00
1.861388366782781967e+00
1.861396010347112329e+00
1.861345785810736730e+00
1.861274062992684053e+00
1.861038211237406204e+00
1.861057417889813159e+00
1.860880192348806084e+00
1.860634863220018254e+00
1.860604491212236811e+00
1.860503830589042451e+00
1.860663010902062986e+00
1.860459080168516133e+00
1.860515981561016829e+00
1.860545395848175021e+00
1.860481735157141658e+00
1.860948277096178716e+00
1.860648952502659048e+00
1.860475743498021473e+00
1.860523574449822304e+00
1.860564342806295679e+00
1.860687896822261544e+00
1.860807492705893074e+00
1.860683592300183875e+00
1.860468184336954378e+00
1.860324801302713382e+00
1.860126768654473572e+00
1.860126986571475349e+00
1.860023887487613381e+00
1.860182362506824338e+00
1.860166851390401055e+00
1.860018860125213669e+00
1.859793528021971509e+00
1.860575193611268219e+00
1.860469911060683046e+00
1.860375916495071502e+00
1.860439231162185569e+00
1.860427916083334354e+00
1.860374113587884404e+00
1.860383674250845720e+00
1.860612358801252197e+00
1.860451853865588534e+00
1.860779091041546041e+00
1.860681977609448756e+00
1.860617517473273308e+00
1.860429875111694997e+00
1.860174946167713506e+00
1.860395637300986005e+00
1.860220043308050242e+00
1.860794731507548816e+00
1.860888929143182047e+00
1.860707023439110097e+00
1.860824237063027020e+00
1.860781720003197526e+00
1.860622350523076785e+00
1.860730224812243039e+00
1.860783777677714079e+00
1.860630388089143716e+00
1.860582717790853158e+00
1.860623239676701290e+00
1.860447790798622991e+00
1.861653234045461902e+00
1.861565611618317240e+00
1.861587848905769782e+00
1.861573719708297547e+00
1.861567516548331858e+00
1.861568303255407564e+00
1.861675007382966429e+00
1.861737685664029973e+00
1.861697421636418381e+00
1.861539664796652893e+00
1.861351089377777823e+00
1.861291362584943876e+00
1.861351924830515259e+00
1.861313467424654755e+00
1.861379281343425118e+00
1.861387578607560656e+00
1.861456790594516741e+00
1.861537246551979718e+00
1.861569391932029083e+00
1.861474031175715860e+00
1.861468969998299139e+00
1.861575104768860678e+00
1.861573834814432615e+00
1.861573569571383757e+00
1.861537076776130561e+00
1.861556027515241185e+00
1.861419850465368953e+00
1.861447305880496117e+00
1.861318472681779079e+00
1.861532251379881764e+00
1.861562605412178106e+00
1.861539840216375197e+00
1.861557062067162427e+00
1.861492739178062017e+00
1.861530020067635682e+00
1.861548201117719126e+00
1.861549476021309601e+00
1.861491821099115818e+00
1.862123676304923814e+00
1.862113328934623668e+00
1.862110814827397709e+00
1.862147178038964235e+00
1.862215808565963249e+00
1.862209795143238589e+00
1.862222640209916014e+00
1.862272160311715163e+00
1.862619781880287428e+00
1.862699371201969933e+00
1.862736634119388057e+00
1.862432516180829944e+00
1.862504877616528942e+00
1.862566989283324759e+00
1.862552430054932096e+00
1.862524872568591006e+00
1.862455458998945046e+00
1.862274812990457606e+00
1.862255411686665640e+00
1.862288914141075891e+00
1.862330945464753418e+00
1.862304417058118888e+00
1.862345381871560734e+00
1.862289331215969623e+00
1.862316027908054616e+00
1.862356892700698152e+00
1.862320030818834349e+00
1.862285843939979424e+00
1.862285381551052943e+00
1.862329517174781346e+00
1.862323060796886365e+00
1.862385783657225069e+00
1.862310134090318980e+00
1.862413529607303220e+00
1.862442637965595615e+00
1.862417402331854932e+00
1.862328086819925010e+00
1.862362297958757518e+00
1.862342944472469286e+00
1.862366823321637943e+00
1.862363570450956241e+00
1.862336621873009301e+00
1.862360180717361979e+00
1.862344726806943740e+00
1.862406316639318993e+00
1.862429218637985384e+00
1.862528962713925429e+00
1.862518321833601220e+00
1.862577666846904734e+00
1.862517649789046104e+00
1.862496161345997159e+00
1.862517671343851822e+00
1.862422665758583840e+00
1.862350308991850056e+00
1.862367461461444940e+00
1.862334103975363142e+00
1.862255689402906311e+00
1.862466015495513050e+00
1.862445877628066349e+00
1.862453175143668149e+00
1.862392391785819390e+00
1.862331860878193801e+00
1.862315276486725901e+00
1.862326274671455506e+00
1.862339636921015007e+00
1.862383524501500132e+00
1.862486014176338189e+00
1.862365971487696781e+00
1.862586224397809964e+00
1.862552167345953080e+00
1.862587740813699932e+00
1.862628040799097606e+00
1.862634486422943825e+00
1.862510452622322177e+00
1.862539050200731738e+00
1.862496223720978783e+00
1.862534333488016669e+00
1.862440473590074141e+00
1.862447549351704978e+00
1.862516367428430186e+00
1.862422864659741606e+00
1.862495566725433482e+00
1.862355943756418108e+00
1.862426101406670087e+00
1.862496017875703069e+00
1.862447695878721277e+00
1.862499128337197218e+00
1.862341597461969700e+00
1.862388987787158001e+00
1.862295125375705851e+00
1.862320564564577063e+00
1.862267886589911603e+00
1.862265007899486235e+00
1.861962402698551733e+00
1.862020815920305772e+00
1.861966055171189849e+00
1.861884408776276478e+00
1.861932371915448803e+00
1.861932501142206986e+00
1.861906510743210896e+00
1.862012473875445551e+00
1.864688295093991144e+00
1.863265168749211886e+00
1.863249860371794187e+00
1.863390318202626794e+00
1.863223565452089003e+00
1.864029130752010710e+00
1.863959816129701741e+00
1.863230330914775523e+00
1.863400145700445654e+00
1.863392672981574849e+00
1.863337479713709000e+00
1.862815609148402496e+00
1.863048121086901432e+00
1.862518823555507685e+00
1.862443989194180416e+00
1.862532575161297110e+00
1.862537185935834616e+00
1.862384933156810973e+00
1.858629866632944605e+00
1.858680174360266113e+00
1.858673808835378916e+00
1.858668916657560510e+00
1.858601621767444145e+00
1.858561548006987918e+00
1.858517569767159427e+00
1.858522342745436484e+00
1.858536997924692180e+00
1.858535838210586988e+00
1.858583146949423615e+00
1.858578376571136559e+00
1.858595007934665810e+00
1.858575987264783569e+00
1.858573919586325118e+00
1.858582623069862771e+00
1.858645907678368348e+00
1.858605684374664113e+00
1.858609971009180351e+00
1.858542627931697444e+00
1.858504638626558680e+00
1.858493577318038881e+00
1.858491278631080545e+00
1.858491779972667901e+00
1.858492780003259126e+00
1.858490138648141388e+00
1.858477094195848833e+00
1.858460843364876602e+00
1.858548523829553822e+00
1.858516121622171058e+00
1.858495900179639726e+00
1.858468400607644178e+00
1.858500968530836239e+00
1.858501058457640687e+00
1.858526255281156780e+00
1.858670056368991297e+00
1.848357598864416085e+00
1.846376280825515970e+00
1.839741324203059802e+00
1.844576408965347580e+00
1.836063075715490989e+00
1.830304467595125439e+00
1.824926722927340927e+00
1.821306357909364904e+00
1.819827212497887592e+00
1.821309118347209655e+00
1.818938869857670726e+00
1.820900781960805181e+00
1.832817463840268557e+00
1.836279812963790059e+00
1.836503554317899800e+00
1.836627518312867524e+00
1.836979225315003683e+00
1.837254713295724207e+00
1.836848450956904300e+00
1.836638284302735791e+00
1.836755817539432512e+00
1.836911098550452870e+00
1.836060802157801319e+00
1.836090425538395410e+00
1.836047254996925560e+00
1.836023564025242472e+00
1.836030613032283432e+00
1.836076120393297595e+00
1.836071304864656861e+00
1.836107272017417635e+00
1.836116047479427360e+00
1.836226513212911193e+00
1.836083330946767900e+00
1.835993827204940532e+00
1.836010034788781331e+00
1.835962196113251510e+00
1.835639300160437193e+00
1.835426493847283291e+00
1.835741953045201713e+00
1.835767473093461888e+00
1.835806231165850733e+00
1.835889928400423310e+00
1.835861838512830246e+00
1.835845295083726958e+00
1.835867628058027945e+00
1.835906319363973971e+00
1.835923065739718085e+00
1.835985808067819969e+00
1.836049325040281177e+00
1.835968800663973832e+00
1.835968031008744283e+00
1.835984136144549916e+00
1.836037615742857065e+00
1.835995102443559235e+00
1.835912946441977889e+00
1.835881631043179363e+00
1.835932821585936070e+00
1.835951601253010601e+00
1.836021382330663476e+00
1.836033153478924262e+00
1.836469361064455574e+00
1.836427543087770564e+00
1.836471743464547446e+00
1.836431602491558124e+00
1.836447924026111123e+00
1.836534380171700453e+00
1.836594662967549807e+00
1.836562377273681657e+00
1.836378612753845507e+00
1.836393062046665081e+00
1.836345789672285234e+00
1.836393543758315872e+00
1.836333560545740928e+00
1.836417722025670107e+00
1.836433564209817737e+00
1.836481795459515398e+00
1.836525510575301334e+00
1.836537433541417519e+00
1.836534071681646729e+00
1.836541243810386304e+00
1.836476518975797001e+00
1.836393046020029729e+00
1.836364901274921024e+00
1.836349697841994422e+00
1.836337614900170889e+00
1.836330764451022945e+00
1.836167189763180607e+00
1.836228036462927093e+00
1.836205522292447156e+00
1.836257986606062209e+00
1.836281712163115865e+00
1.836289162333406777e+00
1.836320012586911465e+00
1.836252464685122154e+00
1.836267957013269836e+00
1.836255146681017747e+00
1.836280444261291445e+00
1.836296068965938444e+00
1.836372706320034576e+00
1.836349900086790887e+00
1.836418226611098659e+00
1.836467351679013760e+00
1.836454488185353950e+00
1.836416075835646700e+00
1.836358297821471419e+00
1.836252862927827190e+00
1.836210409666356291e+00
1.836186691617269773e+00
1.836209178841681444e+00
1.836243442787131031e+00
1.836307631373086613e+00
1.836301653799942812e+00
1.836263332723330199e+00
1.836289802886816647e+00
1.836267388705722370e+00
1.836147901047578301e+00
1.836115799874748378e+00
1.836039392182412078e+00
1.836059970348879800e+00
1.836114317005703045e+00
1.836115710177224969e+00
1.836070906996510876e+00
1.835954647291110797e+00
1.835763907799862649e+00
1.835616984874605784e+00
1.836187769199351782e+00
1.836163877943270739e+00
1.836138597865322630e+00
1.836123905513651566e+00
1.836178444031826507e+00
1.836153317815694797e+00
1.836166718519808283e+00
1.836088626455967932e+00
1.836127284959460981e+00
1.836182189702812328e+00
1.836149221337856963e+00
1.836169745403580800e+00
1.836257492262040936e+00
1.836292382439759452e+00
1.836335536177969407e+00
1.836341238310794211e+00
1.836412349864263716e+00
1.836427112122924088e+00
1.836447201421331776e+00
1.836453706293046828e+00
1.836389969557258084e+00
1.836490025445779439e+00
1.836568564267201609e+00
1.836540780876262824e+00
1.836504744586728854e+00
1.836532758334759263e+00
1.836468807712083651e+00
1.836479909526558485e+00
1.836438491840209464e+00
1.836385382617155893e+00
1.836165166422027317e+00
1.836100134648350535e+00
1.836000397292451902e+00
1.836133144674040318e+00
1.836105554898741055e+00
1.835876968814073029e+00
1.835810862714117642e+00
1.835724268059061748e+00
1.835483844500400474e+00
1.835414241926460077e+00
1.835303270032489609e+00
1.835108837104931334e+00
1.834991524673839303e+00
1.834860569384378914e+00
