9.535653575509265067e+00
9.972674433906700386e+00
1.042980177996931168e+01
1.103433146322083402e+01
1.152990424577000006e+01
1.204160999703638879e+01
1.244222140314949421e+01
1.283789325834163897e+01
1.312664930806104557e+01
1.332421718099172558e+01
1.352304783221921625e+01
1.374581498804273139e+01
1.393607702219408218e+01
1.411653461667254916e+01
1.428815400503796340e+01
1.443408807585629816e+01
1.458659570841964381e+01
1.472894872629169427e+01
1.485807753648858665e+01
1.496427193107829368e+01
1.508210703754580528e+01
1.518773585849409891e+01
1.529066418929196303e+01
1.538520456689590432e+01
1.547584257765988269e+01
1.556639222262454503e+01
1.564814851614942626e+01
1.571347412954779799e+01
1.578574095077235917e+01
1.583384363225340508e+01
1.590088415521108445e+01
1.596948125186059286e+01
1.601407007534637117e+01
1.606732458222341364e+01
1.611424796901765433e+01
1.615629389349482636e+01
1.620060233660241522e+01
1.624026255779703831e+01
1.627872569559261606e+01
1.632540517705370320e+01
1.636541865243231086e+01
1.641014273747964580e+01
1.643910740227693523e+01
1.646037783503547658e+01
1.650084579262038176e+01
1.652730034368914858e+01
1.655176913670990402e+01
1.658188311166227180e+01
1.661610135743620731e+01
1.665253438323201962e+01
1.668677890684107012e+01
1.672113104092864333e+01
1.675045319766490337e+01
1.678230170805791133e+01
1.681727372849515945e+01
1.685088088457835909e+01
1.688445510863831345e+01
1.691468167418578261e+01
1.694661919907485270e+01
1.697703909919842857e+01
1.700609591585224223e+01
1.702712417320058336e+01
1.705603871341178390e+01
1.708239117591317324e+01
1.710853768658274987e+01
1.712994435032386775e+01
1.715473266790884566e+01
1.717942831523219738e+01
1.720257942932283868e+01
1.722616578835275547e+01
1.724915478954046222e+01
1.726887659461168312e+01
1.728912027235828575e+01
1.730761595141905218e+01
1.732408181613436327e+01
1.734447834813470024e+01
1.736297656303406001e+01
1.738327052741572132e+01
1.740010668359041546e+01
1.741929421673456702e+01
1.743588037519035439e+01
1.745467224818269969e+01
1.747018392141425380e+01
1.748746708679612638e+01
1.750576593698666983e+01
1.752296626578413452e+01
1.754009536759365417e+01
1.754959482121376979e+01
1.756623631703237365e+01
1.758255639368556089e+01
1.759839128247147144e+01
1.761373659294379479e+01
1.762976148266513121e+01
1.764312995937550710e+01
1.765458605411227921e+01
1.766904567614130173e+01
1.767437062273239690e+01
1.768189603738177595e+01
1.767255053814756849e+01
1.766694509203596297e+01
1.766897371790984295e+01
1.767715245303680405e+01
1.767381935286501715e+01
1.767538803217764709e+01
1.767035524165161675e+01
1.767180427471269510e+01
1.767463405103794472e+01
1.768556145067712393e+01
1.769216992939455579e+01
1.770514256528624131e+01
1.771773823601958853e+01
1.772544715895598344e+01
1.772751287119937302e+01
1.773330320528596005e+01
1.773059978899052425e+01
1.773737796753347951e+01
1.773395860689836567e+01
1.774330205746507261e+01
1.774895039605370428e+01
1.774663176731451486e+01
1.775566892194793667e+01
1.776084842370389438e+01
1.776652386326755106e+01
1.776861829682968974e+01
1.777829519973814598e+01
1.778002256296377581e+01
1.778180124252681793e+01
1.777321599154396736e+01
1.777011007908654605e+01
1.777818272293520963e+01
1.778453582726462656e+01
1.779376673289461053e+01
1.778573146341788913e+01
1.779304845932361445e+01
1.778512425490506743e+01
1.779006947115683701e+01
1.779101822259615417e+01
1.779722424648209511e+01
1.779755869857739370e+01
1.778872652691779521e+01
1.779367529546910021e+01
1.779817835629607359e+01
1.779631138103548693e+01
1.779835775949730348e+01
1.779890553978604117e+01
1.780705888293220340e+01
1.781576930505245215e+01
1.782307730201589280e+01
1.782437754018366505e+01
1.782443998804038543e+01
1.782312958804462966e+01
1.782461204816961242e+01
1.781920287868429753e+01
1.782773809525927433e+01
1.783469380964301365e+01
1.784212574020839526e+01
1.784790513516591659e+01
1.785626377936478448e+01
1.786312925041501387e+01
1.786601453624499314e+01
1.786673345884355868e+01
1.786922639320170347e+01
1.787005973100316680e+01
1.787576912113673799e+01
1.788174293425313266e+01
1.787968945741341287e+01
1.788693362462358394e+01
1.789332800043348826e+01
1.788794166037726541e+01
1.788899018821868125e+01
1.789072492178750906e+01
1.788956820972292405e+01
1.788969821442511687e+01
1.789359710425800998e+01
1.789789760996045231e+01
1.790281606556263583e+01
1.790871668572895459e+01
1.791347299677347493e+01
1.791403928475657992e+01
1.791950493603134476e+01
1.791211129522820045e+01
1.791581808757488758e+01
1.791976653425816934e+01
1.792116592388711993e+01
1.792414073099212857e+01
1.792717591253994769e+01
1.792079634902748353e+01
1.792534875326632715e+01
1.791889534847133092e+01
1.792291685811019164e+01
1.792464946837213802e+01
1.793037528024306582e+01
1.792598642654477104e+01
1.792792771614770331e+01
1.793006056520410141e+01
1.792976452556389333e+01
1.793411522907468125e+01
1.793474756562619632e+01
1.793652192917819832e+01
1.793980964624482510e+01
1.794121485562119389e+01
1.794129632214410464e+01
1.793343229623933510e+01
1.793628155668376323e+01
1.793999670978846694e+01
1.794582874850165055e+01
1.794557006408416555e+01
1.794807450337708232e+01
1.795061573539394217e+01
1.795233049325430130e+01
1.795558213798998892e+01
1.795491200504637419e+01
1.795493333211740250e+01
1.795350808162389100e+01
1.795627350010325074e+01
1.795803996793161872e+01
1.796052604049113910e+01
1.796360022630862119e+01
1.796311726899748606e+01
1.796511083289832200e+01
1.796168014366795873e+01
1.795994448008277544e+01
1.795879447637308246e+01
1.796004010121442462e+01
1.795984161075098484e+01
1.795871750893214625e+01
1.796140331381840127e+01
1.796107266898124166e+01
1.796109273045127352e+01
1.796423397637131458e+01
1.796166412135326951e+01
1.796426980812668361e+01
1.796596686857819947e+01
1.796880778290652358e+01
1.796906639379528769e+01
1.796514679493655464e+01
1.796846035669246078e+01
1.797306382915390444e+01
1.797631903634620443e+01
1.797960354927406001e+01
1.798234037892924420e+01
1.798230720720406239e+01
1.798519831550888881e+01
1.798872936930856525e+01
1.799104938146965083e+01
1.799134052865046129e+01
1.799282596894204289e+01
1.799460596187552497e+01
1.799497450835593071e+01
1.799764949507192924e+01
1.800046551166339270e+01
1.799559820842220859e+01
1.799661713729687307e+01
1.799630622284529835e+01
1.799603929223253118e+01
1.799677847924861851e+01
1.799945059810590209e+01
1.800101460855016455e+01
1.800316939775089153e+01
1.800430704108462976e+01
1.800565531412174280e+01
1.800592232101121226e+01
1.800835949692111626e+01
1.800868367583798246e+01
1.800831972094709954e+01
1.801032510248948171e+01
1.801043738049196108e+01
1.801225809753013607e+01
1.801324222260257102e+01
1.801519963775802324e+01
1.801509115603195710e+01
1.801686931863655872e+01
1.801913227858739930e+01
1.802078879285768664e+01
1.802324928912237922e+01
1.802585479173578165e+01
1.802694715986262963e+01
1.802899997651974928e+01
1.803190556787401633e+01
1.803252876677007066e+01
1.803353117439155184e+01
1.803508827980368068e+01
1.803795486416056448e+01
1.804140532375395622e+01
1.804471180897277804e+01
1.804424093349227576e+01
1.804589258660645612e+01
1.804680369439581611e+01
1.804624750934439703e+01
1.804832196947237932e+01
1.804950322107208294e+01
1.805100832779819697e+01
1.805183749024028828e+01
1.805482257421898140e+01
1.805279070493181592e+01
1.805220542532671146e+01
1.805462879159960465e+01
1.805570932346546797e+01
1.805791991347001968e+01
1.806004134236757253e+01
1.806157412804617124e+01
1.806247863068027470e+01
1.806548397718727017e+01
1.806850313024015264e+01
1.807132150523635516e+01
1.807403558297114188e+01
1.807667656829051239e+01
1.807921134972649213e+01
1.807732293042869642e+01
1.808011029413787440e+01
1.808244436103465347e+01
1.808437442246341575e+01
1.808492087423736194e+01
1.808786887650054709e+01
1.809108960079263539e+01
1.809412120211639774e+01
1.809620728302586201e+01
1.809942114783208211e+01
1.810258587106448758e+01
1.810571257358328623e+01
1.810703556468719455e+01
1.810905378437479740e+01
1.810902703917322754e+01
1.811120138341370023e+01
1.811254542291202441e+01
1.811347322960916983e+01
1.811504676009991854e+01
1.811520126302060518e+01
1.811391700759849854e+01
1.811383274622812678e+01
1.811555349211657173e+01
1.811579605375404611e+01
1.811836703712171825e+01
1.811946346086923754e+01
1.811946417854227320e+01
1.812128555420964204e+01
1.812285396933562254e+01
1.812288339632366174e+01
1.812191512292669771e+01
1.812451570392921241e+01
1.812406057431972783e+01
1.812453934794150001e+01
1.812213179759669401e+01
1.812456346615253722e+01
1.812526412526626629e+01
1.812726051109058290e+01
1.812796662880695564e+01
1.812879976072157717e+01
1.813117766517864027e+01
1.813349168526056587e+01
1.813180566031950391e+01
1.813414026685332203e+01
1.813512682633284001e+01
1.813574232713257572e+01
1.813724352570824294e+01
1.813573201730274675e+01
1.813735640115149295e+01
1.813867688744114304e+01
1.813941857277173852e+01
1.814114055465114106e+01
1.814316220338357866e+01
1.814316589183382433e+01
1.814501057166652487e+01
1.814669191796966174e+01
1.814690867110991590e+01
1.814393769399828926e+01
1.814262443002911596e+01
1.814338406008696936e+01
1.814482769213353563e+01
1.814623742293666808e+01
1.814799638372403123e+01
1.814619525435725933e+01
1.814734092679857014e+01
1.814512084975707396e+01
1.814713857596918700e+01
1.814726103921683276e+01
1.814748871564509258e+01
1.814835118827836524e+01
1.815025798166222160e+01
1.814950217650111597e+01
1.815124263661703807e+01
1.815144122388639758e+01
1.815059903649131101e+01
1.814956476763125437e+01
1.815074785747306407e+01
1.815119964144822262e+01
1.815059437453036750e+01
1.815236430198171291e+01
1.815198955413946535e+01
1.815129722371286647e+01
1.815285490506582633e+01
1.815465125094252485e+01
1.815364953194253772e+01
1.815227343992544107e+01
1.815175238008975001e+01
1.815132301674272242e+01
1.814721424999385135e+01
1.814844005380136949e+01
1.814881702400636243e+01
1.814978954636340802e+01
1.815178094064941305e+01
1.815360683040048428e+01
1.815522223249629263e+01
1.815581774167738516e+01
1.815776312043550789e+01
1.815700923160526159e+01
1.815876827574281549e+01
1.815867139435952993e+01
1.815876731427455937e+01
1.815999298859760813e+01
1.816136879544676219e+01
1.816317643610475585e+01
1.816403971950316887e+01
1.816568282494840858e+01
1.816654809070983845e+01
1.816756639057643241e+01
1.816786239224414601e+01
1.816874444566347790e+01
1.816999319737941221e+01
1.817062912113102868e+01
1.817244392635971550e+01
1.817056152307862504e+01
1.817034627911176869e+01
1.817142405565667573e+01
1.817174093478048746e+01
1.817279869039184703e+01
1.817323907949176132e+01
1.817402550266860928e+01
1.817337617522894178e+01
1.817463912926222136e+01
1.817409540725328654e+01
1.817465740896611948e+01
1.817585172621085476e+01
1.817705103984267367e+01
1.817788977115158033e+01
1.817901419723544976e+01
1.817987149919839851e+01
1.818032319057517299e+01
1.818188210422540152e+01
1.818296040868099794e+01
1.818327699844923373e+01
1.818353228765225893e+01
1.818507080798139697e+01
1.818633235246455015e+01
1.818645550072090344e+01
1.818665797746780655e+01
1.818836059536229399e+01
1.818981022713851914e+01
1.819052781460223400e+01
1.819110287297444017e+01
1.819283175419077736e+01
1.819289361856565890e+01
1.819452196325134707e+01
1.819550341468818999e+01
1.819710245816198935e+01
1.819836596726062439e+01
1.819906326793670814e+01
1.819997081077105605e+01
1.819989449161598216e+01
1.820082510491273453e+01
1.820069529781084938e+01
1.820123453736803398e+01
1.820181145341328133e+01
1.820244787741355097e+01
1.820333982731391842e+01
1.820371836542297572e+01
1.820407695717149466e+01
1.820446968780490593e+01
1.820561472533499625e+01
1.820600133752351368e+01
1.820656198417565008e+01
1.820806009880269727e+01
1.820933904205527654e+01
1.820944527412978786e+01
1.821023758578906637e+01
1.821130914169039627e+01
1.821161520161035341e+01
1.821130226644708827e+01
1.821159040141844798e+01
1.821156133712301539e+01
1.821256930830251974e+01
1.821385472355126112e+01
1.821496877867830122e+01
1.821492417133794817e+01
1.821440204639367266e+01
1.821392987146816367e+01
1.821445237626960534e+01
1.821542788245840327e+01
1.821661515100901241e+01
1.821742773346818467e+01
1.821778425267201129e+01
1.821756225758871039e+01
1.821723036292278763e+01
1.821818755770529208e+01
1.821940999859677035e+01
1.822028745962883178e+01
1.822123443317876479e+01
1.822256754664837430e+01
1.822333228803188376e+01
1.822365402839242776e+01
1.822346076477996135e+01
1.822394241451626229e+01
1.822457401031051560e+01
1.822496297379824171e+01
1.822501409510686443e+01
1.822633872773684516e+01
1.822718729980900321e+01
1.822610404562158593e+01
1.822685521855613899e+01
1.822706007700777420e+01
1.822835148267861882e+01
1.822984205697991555e+01
1.823081900501346198e+01
1.822821180917730644e+01
1.822934103374374715e+01
1.822779238206104679e+01
1.822720708018707469e+01
1.822739212071441273e+01
1.822800225170016475e+01
1.822791309093863887e+01
1.822805992046929546e+01
1.822806968371229175e+01
1.822831168658317225e+01
1.822910466223259007e+01
1.822757509709492751e+01
1.822829381800759307e+01
1.822915151791931265e+01
1.823050475404088289e+01
1.823120431948164466e+01
1.823074899417148842e+01
1.823160528261902158e+01
1.823116473719407438e+01
1.823024693401122676e+01
1.823131634965915993e+01
1.823079847319663216e+01
1.822764499011233141e+01
1.822870831767705369e+01
1.822900518428257399e+01
1.822822152145191765e+01
1.822850799800924193e+01
1.822926912191882920e+01
1.822879704540262225e+01
1.822922862335141403e+01
1.822972459029505288e+01
1.823050384805130264e+01
1.823157536320793781e+01
1.823262768564766390e+01
1.823374727601450473e+01
1.823454339300099747e+01
1.823375668929459081e+01
1.823312590136071165e+01
1.823417491873111373e+01
1.823419633554927444e+01
1.823435198833108828e+01
1.823547976896067624e+01
1.823312409052395466e+01
1.823432630256226616e+01
1.823352493470107660e+01
1.823332090846128040e+01
1.823387421973933087e+01
1.823398170813959496e+01
1.823407166135318391e+01
1.823463447707144525e+01
1.823531453967815352e+01
1.823611779242793673e+01
1.823644151163590621e+01
1.823626619829698470e+01
1.823719962960342755e+01
1.823822406743358826e+01
1.823777273545658062e+01
1.823689844182407782e+01
1.823741458156935735e+01
1.823748028866358695e+01
1.823793673327562459e+01
1.823836170791518896e+01
1.823946137147381563e+01
1.823883033825073241e+01
1.823969020673241559e+01
1.824047669010455763e+01
1.824100225619124771e+01
1.824110559592258696e+01
1.824196338876312495e+01
1.824059153650477683e+01
1.824132363943300561e+01
1.824170760601260710e+01
1.824153176492778172e+01
1.824236689462468064e+01
1.824102100899208523e+01
1.824156916100163528e+01
1.824123231678319002e+01
1.824121672996814425e+01
1.824219674593034668e+01
1.824224809824284677e+01
1.824260086860697072e+01
1.824277614047643681e+01
1.824225302285453054e+01
1.824278981307934444e+01
1.824343569376635799e+01
1.824344084754754647e+01
1.824374358806559115e+01
1.824391138965084735e+01
1.824293526826732048e+01
1.824371972256662033e+01
1.824438769504270752e+01
1.824459536369492696e+01
1.824562186251307949e+01
1.824593185760237191e+01
1.824648440463852950e+01
1.824728493537358887e+01
1.824575935915488856e+01
1.824648774021639497e+01
1.824731863787765818e+01
1.824811022294939278e+01
1.824744106412551048e+01
1.824813055213018131e+01
1.824848007936325800e+01
1.824818974110454661e+01
1.824906169124941968e+01
1.825002259340895350e+01
1.825104130019526494e+01
1.825141422659327617e+01
1.825016652919687488e+01
1.825038867358952288e+01
1.825094045210278892e+01
1.825044620841704557e+01
1.825094933030587185e+01
1.825171270458011463e+01
1.825181674704635171e+01
1.825075573978488919e+01
1.825091987036776331e+01
1.825139242360726755e+01
1.825221379012590717e+01
1.825259516335786714e+01
1.825350155539449304e+01
1.825421206827244802e+01
1.825519676747237341e+01
1.825576291875165680e+01
1.825605539311482772e+01
1.825606073105731397e+01
1.825682592257130210e+01
1.825712083759848525e+01
1.825666535690897518e+01
1.825710482043035654e+01
1.825773252623388743e+01
1.825748311904893129e+01
1.825803458901189913e+01
1.825876751061374748e+01
1.825905135934257828e+01
1.825972386847053031e+01
1.826015972500117357e+01
1.826085826317346061e+01
1.826081465977886253e+01
1.826161711133478249e+01
1.826193712804552760e+01
1.826216231530223411e+01
1.826277478551158140e+01
1.826326459465701291e+01
1.826398515064747485e+01
1.826400312848287300e+01
1.826377508145804640e+01
1.826460681894607774e+01
1.826492700228946831e+01
1.826479321116575960e+01
1.826553264359380790e+01
1.826509143698230986e+01
1.826532726978213361e+01
1.826596828305179088e+01
1.826671224039185404e+01
1.826638262150665071e+01
1.826694231719529071e+01
1.826696891934199130e+01
1.826693093642698429e+01
1.826747746740032596e+01
1.826671232955997937e+01
1.826740478699059267e+01
1.826813262361010004e+01
1.826820574685568488e+01
1.826765960265093725e+01
1.826781211846090969e+01
1.826834382259325551e+01
1.826600332144886707e+01
1.826663899438837291e+01
1.826670772790881259e+01
1.826652559256451980e+01
1.826684353866485822e+01
1.826694656341425116e+01
1.826757164596233096e+01
1.826837685167942382e+01
1.826908777211166424e+01
1.826993941816042266e+01
1.826952662293170704e+01
1.827015039786873274e+01
1.827067828366343250e+01
1.827155106262959450e+01
1.827191880924031153e+01
1.827226319913955521e+01
1.827253382607669607e+01
1.827311652844646161e+01
1.827368265108583145e+01
1.827420873733011319e+01
1.827371126492072761e+01
1.827451863433179469e+01
1.827503129489516454e+01
1.827427519286661450e+01
1.827374239314489301e+01
1.827460745130614228e+01
1.827519000322238441e+01
1.827534455620834564e+01
1.827619939315378161e+01
1.827629798756017721e+01
1.827704161647234216e+01
1.827791095515306452e+01
1.827790858406687491e+01
1.827867763258086953e+01
1.827807494131090138e+01
1.827831482788054274e+01
1.827800689977624415e+01
1.827858036064594671e+01
1.827923241038536872e+01
1.827987645981806253e+01
1.828016951308768512e+01
1.828067263868929970e+01
1.828076356237376388e+01
1.828109027466406644e+01
1.828049946300232875e+01
1.828080210992128585e+01
1.828031897416393647e+01
1.828084295408212157e+01
1.828157238650258165e+01
1.828217330910136340e+01
1.828075900850846480e+01
1.828053100654505414e+01
1.827738727276252817e+01
1.827634143796622368e+01
1.827617155015112260e+01
1.827671100748260713e+01
1.827713606857277284e+01
1.827786993382437686e+01
1.827856615261253737e+01
1.827722804001324164e+01
1.827762178739221710e+01
1.827788244131799900e+01
1.827860247942887284e+01
1.827858384796892111e+01
1.827890561161872540e+01
1.827965459458542696e+01
1.827826807179788560e+01
1.827785983827708804e+01
1.827840904745402639e+01
1.827885594084877852e+01
1.827966678232151310e+01
1.828039038862709376e+01
1.828013281917783317e+01
1.828083315677070075e+01
1.828156775933928913e+01
1.828191569056029309e+01
1.828209812444733373e+01
1.828272067082769681e+01
1.828222974499923481e+01
1.828190482013038576e+01
1.828205752159395558e+01
1.828258204648609819e+01
1.828234359033400480e+01
1.828306739611276655e+01
1.828368900925190843e+01
1.828424476004921218e+01
1.828508750926785709e+01
1.828538571569482940e+01
1.828549986258290616e+01
1.828630637221449007e+01
1.828623879510977446e+01
1.828693545172287216e+01
1.828402368724668747e+01
1.828487264113071120e+01
1.828536046925293945e+01
1.828342498141784489e+01
1.828400204572844245e+01
1.828447457749878424e+01
1.828496305765121832e+01
1.828484451207824435e+01
1.828497760018273510e+01
1.828572097969865951e+01
1.828622665285250548e+01
1.828686098316148545e+01
1.828720882609465548e+01
1.828725836733395838e+01
1.828786623884042939e+01
1.828784368852689113e+01
1.828604764147932826e+01
1.828630621541102030e+01
1.828690044712645602e+01
1.828732713350825989e+01
1.828779087476792853e+01
1.828754486273585655e+01
1.828819920309536329e+01
1.828777357646116286e+01
1.828785067221353700e+01
1.828693064971134774e+01
1.828687525325186769e+01
1.828716196488920431e+01
1.828778214748359687e+01
1.828774208743897134e+01
1.828774658077172433e+01
1.828833363904041320e+01
1.828825139033458314e+01
1.828868002981586116e+01
1.828877634566856614e+01
1.828934474307040858e+01
1.828864448644212359e+01
1.828906815885478920e+01
1.828973366670324197e+01
1.828990026452171946e+01
1.829033512249217708e+01
1.828929148532313320e+01
1.831132250940784800e+01
1.841239050772203001e+01
1.862947044469066782e+01
1.856234639560047128e+01
1.855010053634119416e+01
1.865954093040160799e+01
1.859162816243873095e+01
1.848553418129950288e+01
1.848604348740735048e+01
1.848599032488881377e+01
1.848574897332889932e+01
1.849732733567557119e+01
1.850921402621990808e+01
1.852019115837902774e+01
1.853077756285765432e+01
1.854096630541408430e+01
1.855069159017112312e+01
1.855896762496705321e+01
1.856729261846673396e+01
1.857495627345762301e+01
1.858298196188491502e+01
1.859071550924640803e+01
1.859741099979599710e+01
1.860313506606523148e+01
1.860981809348230342e+01
1.861622030232337366e+01
1.862228267472261223e+01
1.862751569794471962e+01
1.863317447101337621e+01
1.863860009115749250e+01
1.864319052842010294e+01
1.864722120809289407e+01
1.865208034752900801e+01
1.865661865497207828e+01
1.866116644519139811e+01
1.866546831314256849e+01
1.866956958124605848e+01
1.867352790341019997e+01
1.867678415635986156e+01
1.868065299969503101e+01
1.868384607374530759e+01
1.868576862731609012e+01
1.868910524875402857e+01
1.869227073875497780e+01
1.869490398136786879e+01
1.869739638857456399e+01
1.870032598931526735e+01
1.870179046858760685e+01
1.870432119174168051e+01
1.870691351958070925e+01
1.870949000389355277e+01
1.871217851740793492e+01
1.871482967266564401e+01
1.871732241716642520e+01
1.872000907694583560e+01
1.872246301088020815e+01
1.872392250326157281e+01
1.872627191205101838e+01
1.872849518358313858e+01
1.873079017341290253e+01
1.873250604474042547e+01
1.873470031708394146e+01
1.873681689790554117e+01
1.873832343351056906e+01
1.873966686510367907e+01
1.874114427541728389e+01
1.874277907769279494e+01
1.875973605716350079e+01
1.876174048962200658e+01
1.876372447339106131e+01
1.876561909738656198e+01
1.876696850873003797e+01
1.876756505170374822e+01
1.876901688959522829e+01
1.877024584683985964e+01
1.877111593613416218e+01
1.877152633472583787e+01
1.877294919705308729e+01
1.877340408926177062e+01
1.877467356316343583e+01
1.877532590154131142e+01
1.877687796215753124e+01
1.877803254679218981e+01
1.877891361405454518e+01
1.878007832830437707e+01
1.878129676656162417e+01
1.878250628829949065e+01
1.878360602776742283e+01
1.878503892687024646e+01
1.878652803597153209e+01
1.878801059323003031e+01
1.878865123531312520e+01
1.875358402532647872e+01
1.875491267502088988e+01
1.875525733718488297e+01
1.875656108077729201e+01
1.875773123375277507e+01
1.875873649407938260e+01
1.875934917316618566e+01
1.876038517912244430e+01
1.876155371967947261e+01
1.876262140847181570e+01
1.876312400532791358e+01
1.876434367647757284e+01
1.876446110792577571e+01
1.876571543774562656e+01
1.876682139075518307e+01
1.876788417997501313e+01
1.876856904474673371e+01
1.876955458128234966e+01
1.876985722961607550e+01
1.876996978546484129e+01
1.877111650455316294e+01
1.877155994261552507e+01
1.877196378326512161e+01
1.877301587665040472e+01
1.877329213272274089e+01
1.877340805903020993e+01
1.877429000370527490e+01
1.877495532395263922e+01
1.877591402439503199e+01
1.877636309363959910e+01
1.877673868034388249e+01
1.877754553610974142e+01
1.877857421373014546e+01
1.877918863924835335e+01
1.878014917883144363e+01
1.877949174319662973e+01
1.877973113696496199e+01
1.878045813692363808e+01
1.878122961389219370e+01
1.878219143409209835e+01
1.878315242112613248e+01
1.878400396402589578e+01
1.878500571759790816e+01
1.878593110335775762e+01
1.878674650721191952e+01
1.878716883442216101e+01
1.878812095071014809e+01
1.878852412263593408e+01
1.878901101539761598e+01
1.878977159263323315e+01
1.879022465992763102e+01
1.879037579099803068e+01
1.879127754243505066e+01
1.879174497001186239e+01
1.879183336072972565e+01
1.879197102810318398e+01
1.879209509342962647e+01
1.879296071490692555e+01
1.879343111124026322e+01
1.879431293502788591e+01
1.879457467415280902e+01
1.879531936689291527e+01
1.879615255388297612e+01
1.879667048139375041e+01
1.879744687830032035e+01
1.879805941061745500e+01
1.879865928376346318e+01
1.879882814886509834e+01
1.879973841226543740e+01
1.880042397722420233e+01
1.880087975890446472e+01
1.880163673950649894e+01
1.880160124349887951e+01
1.880174004601378002e+01
1.880254756201077981e+01
1.880188245853937090e+01
1.880220923539785360e+01
1.880278187025002978e+01
1.880313968492716015e+01
1.880346738021964015e+01
1.880326204802567247e+01
1.880393583869156160e+01
1.880458972108078797e+01
1.880521239581158355e+01
1.880593997813341289e+01
1.880605798985381227e+01
1.880675148481908820e+01
1.880703393777318411e+01
1.880678082305900745e+01
1.880729179180208632e+01
1.880785646209109174e+01
1.880831828759176716e+01
1.880908013065094764e+01
1.880941758787274409e+01
1.881017387363473503e+01
1.881080362297761610e+01
1.881107335886106213e+01
1.881169880018584450e+01
1.881182765927804823e+01
1.881229978530821967e+01
1.881286883632053630e+01
1.881257215372208691e+01
1.881321425342051157e+01
1.881366401167279889e+01
1.881342222257314134e+01
1.881381197456818199e+01
1.881341788821367444e+01
1.881400945253424339e+01
1.881424892739383026e+01
1.881463643794562302e+01
1.881516699057085518e+01
1.881585819544430649e+01
1.881624068238139103e+01
1.881682628428819370e+01
1.881711320935258769e+01
1.881738314877167184e+01
1.881788003478683180e+01
1.881814575433816117e+01
1.881885756478037308e+01
1.881924662202721521e+01
1.881996477494200803e+01
1.881996345141538285e+01
1.882027616602579201e+01
1.881984016437837326e+01
1.882002744884827905e+01
1.882025896980911384e+01
1.881992467279822279e+01
1.881980752994523343e+01
1.882036563392510686e+01
1.882003408345050133e+01
1.882063256190266998e+01
1.882093619022034048e+01
1.881994744302573963e+01
1.882056704415540693e+01
1.882107588871322434e+01
1.882136888635918126e+01
1.882201239565519302e+01
1.882185422889288873e+01
1.882214210322551295e+01
1.882257590151250781e+01
1.882304920819103700e+01
1.882333857742750638e+01
1.882337781424064005e+01
1.882361472297234783e+01
1.882331645405465181e+01
1.882300353863230313e+01
1.882347394026963627e+01
1.882264916438590774e+01
1.882288614140365013e+01
1.882318215141565076e+01
1.882272552266025301e+01
1.882295424943657380e+01
1.882275128741405013e+01
1.882326236608941628e+01
1.882375397326851996e+01
1.882422249723898133e+01
1.882477613101325176e+01
1.882403790519819253e+01
1.882411677147510787e+01
1.882461615727001458e+01
1.882481133770939508e+01
1.882521737769437564e+01
1.882473491749537686e+01
1.882508474967595191e+01
1.882551870676219608e+01
1.882592641678578005e+01
1.882643996785449403e+01
1.882610667167385543e+01
1.882640092235235585e+01
1.882542439521473554e+01
1.882528295219097458e+01
1.882567433537208501e+01
1.882624094257850444e+01
1.882664940921345931e+01
1.882655971344583534e+01
1.882688602069396566e+01
1.882716619490884469e+01
1.882747024475177255e+01
1.882795434077357299e+01
1.882843972303703950e+01
1.882901088574293524e+01
1.882962102825223738e+01
1.883022309106037895e+01
1.883043411783164345e+01
1.883074656418415671e+01
1.883128574690551815e+01
1.883173343634108932e+01
1.883217227222231216e+01
1.883225632939123884e+01
1.883247135452996091e+01
1.883280882466869244e+01
1.883335087436081068e+01
1.883265586253467916e+01
1.883278110749971290e+01
1.883311504401457626e+01
1.883358861726901168e+01
1.883353695348161594e+01
1.883369814701186229e+01
1.883410824317418886e+01
1.883450958810529841e+01
1.883430165167368031e+01
1.883487052886744806e+01
1.883532349406873152e+01
1.883585367218125839e+01
1.883638095540392499e+01
1.883666495606263425e+01
1.883688203508656045e+01
1.883727974763947799e+01
1.883741377497037917e+01
1.883762273320870761e+01
1.883801919990968798e+01
1.883848418942236336e+01
1.883887554495899863e+01
1.883879593047253564e+01
1.883903095538300221e+01
1.883897693721880984e+01
1.883945521656319499e+01
1.883964367374751703e+01
1.884001734888256507e+01
1.884001009218194866e+01
1.883959862215480996e+01
1.883999265092707631e+01
1.884028776781963899e+01
1.884067220270160803e+01
1.884113698077207388e+01
1.884122111070621486e+01
1.884166755288055839e+01
1.884170758302030180e+01
1.884120859250148428e+01
1.884130788899455311e+01
1.884161755114453030e+01
1.884194360880357877e+01
1.884229601590847381e+01
1.884255834729295387e+01
1.884306616949633550e+01
1.884320714582233336e+01
1.884305158158162641e+01
1.884341259881114894e+01
1.884387156495807858e+01
1.884267970878327247e+01
1.884308801158424984e+01
1.884308083047418947e+01
1.884331114577604538e+01
1.884357029020336327e+01
1.884386544309706224e+01
1.884251862862548421e+01
1.884302858023480098e+01
1.884312881317386257e+01
1.884353060206697350e+01
1.884381763665610166e+01
1.884367759482113058e+01
1.884406464239555135e+01
1.884441691147104692e+01
1.884448629491402727e+01
1.884467155493085500e+01
1.884490286714957463e+01
1.884507101102229143e+01
1.884417910924167217e+01
1.884459769587362388e+01
1.884486169105596076e+01
1.884522086895193382e+01
1.884570835290539392e+01
1.884627564396355837e+01
1.884649091542156185e+01
1.884689933791916872e+01
1.884722928506455375e+01
1.884752765348766701e+01
1.884772645649408318e+01
1.884802460646380595e+01
1.884850219938642013e+01
1.884814936884803416e+01
1.884788249374557267e+01
1.884836322611494808e+01
1.884810864425792332e+01
1.884861535857721293e+01
1.884903658321291431e+01
1.884951932802495378e+01
1.884890895352116758e+01
1.884914676238029330e+01
1.884834015662239892e+01
1.884812360208781001e+01
1.884843324710940138e+01
1.884891303964470666e+01
1.884877564014503548e+01
1.884897606870579878e+01
1.884892280972215417e+01
1.884941626008845006e+01
1.884978750079454457e+01
1.884976546354488747e+01
1.884783437354710500e+01
1.884772789422119033e+01
1.884813108452636499e+01
1.884847639766729444e+01
1.884876762961273755e+01
1.884872847835434939e+01
1.884921726049181245e+01
1.884963494054977673e+01
1.884985395824586263e+01
1.885033268434784404e+01
1.885005683865615467e+01
1.884988756078843508e+01
1.884939582449591100e+01
1.884960844017626158e+01
1.884994625482339714e+01
1.885039064926108665e+01
1.885046462597690464e+01
1.885093233714317051e+01
1.885127081757078926e+01
1.885139469928934020e+01
1.885170527935918017e+01
1.885217910390211316e+01
1.885204892504600238e+01
1.885199123488364137e+01
1.885238966096941837e+01
1.885271184352352947e+01
1.885306573906763461e+01
1.885348571369248205e+01
1.885382026371756581e+01
1.885427606234214082e+01
1.885449967264383275e+01
1.885481164290000677e+01
1.885486686034429482e+01
1.885523992536012372e+01
1.885550208497545555e+01
1.885526401638230709e+01
1.885551925359844105e+01
1.885580664532296780e+01
1.885626072248574303e+01
1.885656386533025852e+01
1.885683781996610975e+01
1.885722285544615318e+01
1.885669988851079637e+01
1.885676090670364147e+01
1.885720036086904727e+01
1.885753727647768585e+01
1.885737360332841561e+01
1.885779003196428505e+01
1.885819377902440408e+01
1.885815253037658223e+01
1.885832925659965298e+01
1.885871613219003251e+01
1.885747791892562475e+01
1.885773957818426183e+01
1.885812534420334430e+01
1.885813205670232762e+01
1.885837003027472747e+01
1.885850396495757764e+01
1.885889837688719339e+01
1.885912312548430236e+01
1.885922240089438162e+01
1.885937610339132320e+01
1.885931523643025187e+01
1.885965897542571312e+01
1.885981709841458098e+01
1.886010063368380330e+01
1.886009049547787697e+01
1.885980313217737248e+01
1.885989882842969934e+01
1.886004019290402312e+01
1.885990843832561481e+01
1.886015817101054637e+01
1.885992830838466716e+01
1.885957980629178721e+01
1.885948908095105736e+01
1.885942410945568071e+01
1.885928833834627127e+01
1.885962415452769392e+01
1.885979651465610729e+01
1.886009414725819511e+01
1.886031160977285381e+01
1.885921126129973047e+01
1.885902023783955173e+01
1.885884236015847293e+01
1.885874123191644713e+01
1.885893522702884084e+01
1.885901975087822890e+01
1.885890177409380541e+01
1.885932587455778986e+01
1.885892712381760816e+01
1.885929177724405648e+01
1.885961525383064696e+01
1.885986611335645691e+01
1.886017373016471410e+01
1.886011891338058888e+01
1.886033065851981760e+01
1.886051578190959788e+01
1.886084131527113428e+01
1.886117887845275121e+01
1.886162269900064459e+01
1.886199755470841311e+01
1.885994712714605015e+01
1.886036184155000228e+01
1.886069211427741976e+01
1.886041164376140244e+01
1.886041925905593786e+01
1.885918498541581911e+01
1.885933320200892283e+01
1.885851238924850293e+01
1.885855064710401052e+01
1.885875008697769317e+01
1.885879826973131301e+01
1.885897658499077068e+01
1.885879786324261786e+01
1.885866982616483156e+01
1.885876323297391011e+01
1.885882458704065812e+01
1.885919150314212800e+01
1.885920409529165909e+01
1.885917194890151904e+01
1.885785884644559474e+01
1.885789160472923953e+01
1.885807496161695340e+01
1.885841333094812100e+01
1.885848902796833926e+01
1.885867405661697305e+01
1.885881292765315465e+01
1.885876814939235402e+01
1.885889610853417508e+01
1.885918777353644771e+01
1.885945848644058742e+01
1.885872495905923429e+01
1.885877040387378756e+01
1.885864858547684975e+01
1.885872544180455890e+01
1.885909098410068907e+01
1.885927188817262845e+01
1.885955332570730292e+01
1.885970830014355215e+01
1.886005409062293126e+01
1.886044089281616465e+01
1.886061917911360197e+01
1.886027618254938076e+01
1.886041547133486773e+01
1.886030060095615113e+01
1.886064980415025971e+01
1.886104289668267953e+01
1.886113702680277981e+01
1.886136747259157787e+01
1.886152165315445473e+01
1.886177959498662915e+01
1.886188105759476485e+01
1.886210596451341814e+01
1.886179744642839040e+01
1.886164728722988215e+01
1.886138091786175508e+01
1.886172235127404662e+01
1.886138282274733768e+01
1.886136292925455749e+01
1.886105924799166544e+01
1.886117014699588879e+01
1.886132546590484083e+01
1.886143863009168342e+01
1.886141417795192154e+01
1.886177788895422580e+01
1.886198436011979140e+01
1.886239645202904214e+01
1.886273482010846791e+01
1.886260928407151383e+01
1.886265923584009485e+01
1.886260239432551344e+01
1.886296563140674465e+01
1.886314434695893993e+01
1.886320106131207908e+01
1.886338776920073812e+01
1.886369400941678265e+01
1.886313610463840007e+01
1.886342532190691657e+01
1.886366443330214082e+01
1.886401773366746681e+01
1.886431211419860787e+01
1.886452084538928986e+01
1.886481910490929437e+01
1.886489854565452617e+01
1.886501553538183273e+01
1.886513320518211145e+01
1.886524014351174117e+01
1.886561201380716568e+01
1.886537119725617373e+01
1.886567337613617923e+01
1.886603120717389004e+01
1.886633944691849507e+01
1.886623166757505743e+01
1.886635018606526515e+01
1.886616678934752045e+01
1.886650114346094043e+01
1.886617111953572135e+01
1.886634249019984466e+01
1.886648359035519107e+01
1.886608740607657353e+01
1.886646315593506884e+01
1.886677579985277120e+01
1.886660989533807253e+01
1.886686646796427169e+01
1.886722014508937306e+01
1.886758786096188700e+01
1.886776036527955469e+01
1.886769747449116608e+01
1.886801290389503194e+01
1.886825323400047694e+01
1.886851779889842362e+01
1.886887400963942341e+01
1.886918787166746725e+01
1.886872282606702811e+01
1.886889302432152604e+01
1.886910715200209410e+01
1.886944684103314174e+01
1.886961433348395190e+01
1.886971869959603154e+01
1.887006440731479628e+01
1.886950800724131483e+01
1.886944439283714559e+01
1.886967411187305999e+01
1.886983647116780460e+01
1.886991051975847000e+01
1.886957742379571812e+01
1.886963975632199819e+01
1.886998901247987703e+01
1.886977291516977218e+01
1.887012260425676047e+01
1.887044393174656776e+01
1.887061325142143886e+01
1.887081820111789199e+01
1.887092231288316668e+01
1.887126985153393477e+01
1.887158878595582934e+01
1.887164201683962261e+01
1.887185877843923265e+01
1.887102638347941053e+01
1.887107403297717667e+01
1.887119304462641267e+01
1.887139970351127261e+01
1.887161464790192511e+01
1.887194424347410759e+01
1.887192031509704648e+01
1.887227730062912556e+01
1.887199832804661526e+01
1.887157558274530800e+01
1.887119975793661197e+01
1.887129720214625905e+01
1.887135811374774619e+01
1.887133238464894802e+01
1.887156203134939858e+01
1.887163227833632817e+01
1.887195741782683811e+01
1.887227189033182739e+01
1.887160740465222020e+01
1.887169140768352804e+01
1.887197730497721793e+01
1.887213174703300567e+01
1.887236785063271682e+01
1.887267791001656292e+01
1.887239688247210978e+01
1.887269781757401432e+01
1.887303837150954777e+01
1.887275086950525349e+01
1.887305877167919732e+01
1.887336979976330298e+01
1.887331362669516110e+01
1.887335573143770517e+01
1.887364795467675904e+01
1.887328754932257979e+01
1.887336414693659847e+01
1.887360012369165574e+01
1.887377707817686101e+01
1.887401198133354896e+01
1.887419502420697626e+01
1.887428574169057427e+01
1.887438201299583795e+01
1.887441479624370899e+01
1.887448955083131708e+01
1.887475506462073938e+01
1.887499968126736860e+01
1.887520680692872688e+01
1.887548416487695491e+01
1.887536584430414877e+01
1.887546573606392997e+01
1.887566034934601333e+01
1.887589982048173809e+01
1.887614383021828601e+01
1.887633043999723270e+01
1.887594400787465077e+01
1.887619152518643872e+01
1.887587663257504644e+01
1.887620317665914627e+01
1.887654591607592991e+01
1.887680260286578360e+01
1.887648834089858241e+01
1.887591103932780356e+01
1.887606948662469719e+01
1.887616130420493832e+01
1.887612556044518897e+01
1.887641165956795319e+01
1.887664228428987201e+01
1.887686307427454935e+01
1.887713354667496546e+01
1.887717069147597826e+01
1.887746110722982351e+01
1.887711078198691084e+01
1.887740448898813028e+01
1.887749810276354623e+01
1.887778060867291430e+01
1.887767976080083088e+01
1.887764234520678386e+01
1.887661982404587135e+01
1.887651294633824861e+01
1.887662383307114666e+01
1.887676095565209877e+01
1.887689030666830092e+01
1.887707463534100327e+01
1.887698558135750915e+01
1.887720002742926440e+01
1.887674733713929598e+01
1.887700019540513452e+01
1.887698436353826636e+01
1.887703411247700203e+01
1.887691347133752018e+01
1.887680227241276398e+01
1.887697334416485262e+01
1.887724220346482085e+01
1.887696764305927388e+01
1.887693797544739382e+01
1.887665301235745119e+01
1.887688509445145257e+01
1.887693038653238631e+01
1.887724261627742806e+01
1.887751612130480794e+01
1.887748606977978127e+01
1.887774759837186167e+01
1.887788015694956911e+01
1.887812882381527757e+01
1.887805570855108073e+01
1.887826698234575318e+01
1.887821865396760757e+01
1.887795730247005821e+01
1.887813223050376976e+01
1.887826971114439800e+01
1.887850277764487572e+01
1.887875798227635471e+01
1.887861820604352658e+01
1.887870071671513372e+01
1.887899010235305752e+01
1.887905980754312196e+01
1.887883567445738464e+01
1.887902742718036109e+01
1.887928604261324494e+01
1.887927623460814175e+01
1.887957774209051820e+01
1.887958325801956505e+01
1.887991852164023499e+01
1.887975695407848420e+01
1.887942269933918027e+01
1.887944469084769850e+01
1.887905661480153441e+01
1.887907930202803541e+01
1.887933906531590367e+01
1.887945342286151984e+01
1.887973721583792042e+01
1.887995677085318036e+01
1.888026460111290561e+01
1.888023780193047330e+01
1.888026496056870585e+01
1.888052272515928109e+01
1.888073962083295854e+01
1.888107347096752164e+01
1.888069583815324748e+01
1.888081541178395995e+01
1.888104729495014666e+01
1.888122274435423975e+01
1.888094542019929989e+01
1.888120292615787577e+01
1.888137734350942054e+01
1.888148290100551563e+01
1.888173985404377220e+01
1.888180397812227795e+01
1.888206510959572881e+01
1.888231578091513185e+01
1.888261813833743119e+01
1.888273815553944956e+01
1.888296635209458429e+01
1.888273738369151289e+01
1.888260543654307710e+01
1.888292339323091440e+01
1.888320602265827119e+01
1.888324029484896016e+01
1.888348582241687268e+01
1.888377122666305397e+01
1.888392444089085132e+01
1.888419980316716007e+01
1.888441854319105317e+01
1.888467908517471727e+01
1.888429248585374864e+01
1.888435665660907148e+01
1.888405920456649056e+01
1.888404802002918004e+01
1.888423000003100682e+01
1.888435936001037874e+01
1.888449243759067286e+01
1.888471118916321956e+01
1.888465213842219725e+01
1.888493133849981476e+01
1.888404987914408650e+01
1.888387938793363929e+01
1.888414913336697509e+01
1.888431124887700463e+01
1.888445549977724625e+01
1.888440401052640638e+01
1.888450538406337742e+01
1.888453586030304621e+01
1.888481340881303439e+01
1.888512843287658072e+01
1.888518171633299403e+01
1.888535789460030045e+01
1.888536897298849127e+01
1.888540889433006953e+01
1.888567025506873165e+01
1.888551410958788068e+01
1.888568138468916047e+01
1.888588798583908712e+01
1.888599418247443751e+01
1.888591806105817739e+01
1.888608888524003149e+01
1.888636481509170650e+01
1.888619037821043989e+01
1.888640913975554980e+01
1.888656452591132151e+01
1.888656968801831226e+01
1.888685568315802854e+01
1.888679497342952018e+01
1.888651510607433082e+01
1.888679080419674605e+01
1.888667300409316852e+01
1.888695042577498739e+01
1.888718319839632898e+01
1.888740870488050660e+01
1.888677681029786370e+01
1.888704249045438033e+01
1.888717916459988189e+01
1.888687353351501486e+01
1.888689073170012023e+01
1.888652869851137339e+01
1.888662159804032825e+01
1.888648165414122104e+01
1.888675038081412083e+01
1.888677910513802871e+01
1.888619741865322510e+01
1.888580148126521863e+01
1.888592927277124645e+01
1.888614079666735890e+01
1.888598421570294406e+01
1.888616864184469790e+01
1.888644403719630560e+01
1.888650859385026237e+01
1.888634320905408970e+01
1.888643591003436129e+01
1.888668118341452384e+01
1.888686013670566410e+01
1.888709828246759770e+01
1.888714035326670171e+01
1.888741938301098955e+01
1.888756730052197241e+01
1.888768442181022422e+01
1.888774031595971792e+01
1.888783618064894299e+01
1.888793278809868070e+01
1.888820026493370108e+01
1.888744966601598918e+01
1.888764229922447413e+01
1.888770267792551394e+01
1.888801824296228205e+01
1.888811896540358859e+01
1.888825584246622569e+01
1.888846314490277933e+01
1.888817883426889210e+01
1.888839128227505881e+01
1.888858000218938571e+01
1.888885336508961998e+01
1.888897529281046417e+01
1.888926520088417149e+01
1.888878327691214665e+01
1.888892962371674855e+01
1.888878390457876222e+01
1.888895650106635671e+01
1.888894801148167346e+01
1.888853756259931416e+01
1.888877506551645524e+01
1.888899416500757766e+01
1.888924413688208759e+01
1.888950772276917078e+01
1.888908351301863320e+01
1.888931643419098805e+01
1.888936219439539954e+01
1.888929069184250764e+01
1.888944280929923991e+01
1.888912214134700207e+01
1.888907521534168055e+01
1.888922532237131335e+01
1.888920795720301982e+01
1.888902327051533803e+01
1.888917430907175188e+01
1.888928536908480638e+01
1.888950879824870555e+01
1.888967711126268512e+01
1.888981048478591163e+01
1.889007015066742667e+01
1.889026637615993920e+01
1.889029699143476293e+01
1.889047391545456023e+01
1.889001720899988968e+01
1.889028224969018055e+01
1.889043882226509652e+01
1.889050656270066142e+01
1.889060801434962400e+01
1.889085813512598122e+01
1.889111789505075478e+01
1.889106363566939706e+01
1.889114931412790455e+01
1.889119012829668165e+01
1.889127376741519981e+01
1.889127527990823907e+01
1.889151611688004451e+01
1.889142737615242496e+01
1.889142911139391501e+01
1.889151869034609632e+01
1.889179971900523825e+01
1.889204363977458812e+01
1.889219949785626440e+01
1.889228146948899933e+01
1.889229797931286114e+01
1.889224123914343423e+01
1.889222324219395688e+01
1.889072865304803983e+01
1.889096402002975239e+01
1.889087207248138967e+01
1.889091729900886207e+01
1.889106151692775981e+01
1.889123262658846159e+01
1.889129464271637460e+01
1.889151437724322236e+01
1.889156916723059965e+01
1.889159766427080456e+01
1.889188902116767110e+01
1.889178147169012334e+01
1.889180539270283532e+01
1.889197872947037382e+01
1.889213382363571370e+01
1.889238816879900540e+01
1.889236447225117388e+01
1.889261929236794302e+01
1.889288004012698252e+01
1.889275338075895050e+01
1.886553102283944838e+01
1.886577775003353352e+01
1.886602368274553854e+01
1.886572856978833457e+01
1.886598323062646898e+01
1.886617186422447290e+01
1.886632875371160978e+01
1.886654446200081736e+01
1.886672616778506040e+01
1.886692432159382093e+01
1.886713724485402821e+01
1.886736148238096433e+01
1.886755747491587343e+01
1.886701466794087168e+01
1.886725253207173481e+01
1.886715541871869561e+01
1.886734046756095751e+01
1.886754748575910767e+01
1.886778973692671713e+01
1.886802518017391250e+01
1.886826538489056304e+01
1.886849457344450443e+01
1.886862414100265539e+01
1.886890072728011347e+01
1.886915654017103350e+01
1.886937560246994394e+01
1.886959810525890902e+01
1.886983099052687152e+01
1.887004350935180241e+01
1.887024686300718201e+01
1.886983102792261491e+01
1.886988390337013044e+01
1.886979691268225778e+01
1.886992951601224178e+01
1.887005803670469106e+01
1.887028471885032843e+01
1.887042914781018155e+01
1.886975071303560014e+01
1.886996345546797826e+01
1.887019362670439548e+01
1.887034440099927579e+01
1.887037062724257552e+01
1.887062998730210950e+01
1.887067157963278063e+01
1.887054872217719037e+01
1.887041609707017997e+01
1.887064850178381192e+01
1.887083973075849741e+01
1.887104493336047284e+01
1.887073006446216539e+01
1.887077438364629245e+01
1.887100072868353706e+01
1.887122605291278532e+01
1.887138934639446575e+01
1.887162927124083112e+01
1.887186076966604276e+01
1.887196850727749009e+01
1.887214011286886617e+01
1.887237350528195989e+01
1.887242594874235380e+01
1.887249540341145604e+01
1.887273497812602585e+01
1.887270062967044382e+01
1.887280090646294184e+01
1.887283115871209560e+01
1.887292648702003106e+01
1.887288296475346172e+01
1.887283362917283469e+01
1.887307534032854761e+01
1.887332537243196739e+01
1.887317177821936554e+01
1.887335888435674391e+01
1.887356423547771911e+01
1.887378990997817851e+01
1.887403430406307692e+01
1.887395645937523270e+01
1.887421503978323756e+01
1.887395715252323214e+01
1.887413656893579272e+01
1.887395853334194840e+01
1.887302600673767472e+01
1.887308695526213143e+01
1.887314368594852354e+01
1.887265991946274113e+01
1.887289370749492790e+01
1.887311254773170788e+01
1.887333525497579956e+01
1.887350828981366746e+01
1.887356121266208575e+01
1.887364292516860687e+01
1.887368473548474768e+01
1.887393128970788680e+01
1.887375646344566960e+01
1.887397549199360824e+01
1.887416730786056362e+01
1.887397020782167090e+01
1.887418521911857994e+01
1.887409715323342141e+01
1.887427294334902683e+01
1.887409356678855588e+01
1.887334342735935877e+01
1.887348748629672457e+01
1.887356001266834937e+01
1.887351782220400764e+01
1.887358027909879610e+01
1.887370933215377988e+01
1.887389152861503305e+01
1.887410573291937510e+01
1.887432540045612939e+01
1.887450256131517534e+01
1.887473261448364070e+01
1.887497167682008481e+01
1.887483652744244367e+01
1.887493711382829886e+01
1.887502933205579225e+01
1.887446633282156583e+01
1.887441350599949175e+01
1.887454822730716231e+01
1.887472728255876575e+01
1.887495533979357987e+01
1.887479475572250465e+01
1.887489964351297544e+01
1.887508728532129609e+01
1.887498970429924583e+01
1.887475163724095140e+01
1.887465533455501188e+01
1.887471780562428592e+01
1.887497652719982710e+01
1.887505252381933118e+01
1.887476503641698145e+01
1.887482725473222089e+01
1.887441669897929231e+01
1.887462230072679858e+01
1.887447439222557577e+01
1.887467005180704049e+01
1.887491018796054476e+01
1.887497330506479187e+01
1.887517321925653135e+01
1.887540642955572423e+01
1.887505910398034104e+01
1.887528251262060053e+01
1.887522775100272554e+01
1.887539932868119763e+01
1.887545425224416817e+01
1.887568816877708144e+01
1.887571875522201381e+01
1.887594509421917621e+01
1.887597841421493783e+01
1.887534118206390588e+01
1.887549333551827502e+01
1.887551011948650270e+01
1.887571040032289460e+01
1.887548806970640669e+01
1.887527934812897712e+01
1.887549892598228141e+01
1.887568895708764316e+01
1.887584667573986863e+01
1.887605058322027318e+01
1.887625459628171143e+01
1.887648557756925172e+01
1.887662542893266959e+01
1.887663388779383666e+01
1.887670212328175978e+01
1.887690698313097570e+01
1.887625259736615391e+01
1.887637571918528323e+01
1.887661126003236589e+01
1.887654556832231378e+01
1.887631864810101945e+01
1.887631984295761356e+01
1.887650024646367797e+01
1.887617438215823285e+01
1.887621342037262195e+01
1.887598519619286463e+01
1.887614155208693489e+01
1.887631691591302641e+01
1.887640465114846222e+01
1.887645689240640934e+01
1.887649007061158102e+01
1.887659532043525346e+01
1.887665912754858155e+01
1.887690583980086245e+01
1.887678774347964250e+01
1.887703747239365271e+01
1.887719085267795194e+01
1.887730474638729916e+01
1.887725420555488753e+01
1.887729145186579771e+01
1.887711644977205694e+01
1.887675916770493956e+01
1.887673488594494842e+01
1.887692406931286726e+01
1.887679752859387960e+01
1.887675443886731941e+01
1.887677055844817176e+01
1.887628549125740207e+01
1.887639371668412025e+01
1.887660571770495821e+01
1.887678389835254222e+01
1.887595381309964537e+01
1.887579686144596991e+01
1.887595002135655520e+01
1.887614252639538392e+01
1.887636582803457941e+01
1.887653628787678883e+01
1.887627430391769678e+01
1.887624734855182496e+01
1.887629240639136086e+01
1.887634234750645135e+01
1.887657596423014184e+01
1.887676324644858283e+01
1.887701802828203412e+01
1.887669700084090607e+01
1.887684416810095556e+01
1.887679281842140000e+01
1.887682894009132539e+01
1.887663578075598281e+01
1.887662058584829339e+01
1.887682269701755544e+01
1.887700740258157239e+01
1.887684966800090791e+01
1.887694762846867036e+01
1.887711385949608101e+01
1.887715684623817936e+01
1.887720449419437330e+01
1.887738357483746299e+01
1.887739819078673165e+01
1.887761938869431333e+01
1.887785205492366813e+01
1.887767354420484622e+01
1.887779832760428178e+01
1.887771133066227236e+01
1.887749575209568320e+01
1.887756821298563281e+01
1.887776221746878491e+01
1.887782289501260635e+01
1.887771215846217032e+01
1.887777344783950539e+01
1.887759052608750210e+01
1.887778060499040578e+01
1.887787079477709540e+01
1.887810475479277983e+01
1.887827169309996123e+01
1.887837700182612721e+01
1.887795090088255279e+01
1.887783771654567033e+01
1.887802789244135582e+01
1.887791154155864604e+01
1.887802785304127440e+01
1.887783879268341636e+01
1.887771185704529842e+01
1.887727125443224097e+01
1.887730185050791931e+01
1.887750314655971096e+01
1.887708109218147357e+01
1.887723147844040383e+01
1.887729260158800670e+01
1.887728262375817323e+01
1.887730355931578075e+01
1.887733266053903947e+01
1.887752549542033975e+01
1.887742030130336346e+01
1.887746568497509259e+01
1.887758887597095736e+01
1.887780571300013577e+01
1.887781420116933617e+01
1.887789091098504102e+01
1.887767495614466995e+01
1.887788655377683966e+01
1.887793084377265274e+01
1.887811920958088052e+01
1.887818436443489034e+01
1.887839130028570622e+01
1.887860584131624364e+01
1.887866760722672055e+01
1.887852215629186503e+01
1.887846760866105811e+01
1.887807970586319328e+01
1.887803649683528562e+01
1.887818698167110298e+01
1.887839083503507354e+01
1.887844121965860822e+01
1.887823436312891801e+01
1.887843773450508067e+01
1.887846418424960504e+01
1.887835931759989450e+01
1.887857816163254299e+01
1.887876949913186309e+01
1.887860724624531272e+01
1.887867630784367634e+01
1.887880293974959400e+01
1.887895190649375721e+01
1.887864028959494078e+01
1.887869924461287852e+01
1.887840937709366074e+01
1.887847546768422546e+01
1.887868577846492002e+01
1.887847684675638504e+01
1.887859187223710933e+01
1.887875630647168634e+01
1.887855555804532415e+01
1.887858194546574708e+01
1.887834126771494070e+01
1.887831696669974235e+01
1.887830154305889963e+01
1.887834587246109663e+01
1.887852800383214813e+01
1.887861241114525157e+01
1.887860760801074989e+01
1.887883013005501098e+01
1.887885333076633287e+01
1.887883057730299186e+01
1.887856586307503193e+01
1.887854065134253290e+01
1.887872115048559252e+01
1.887879964256751819e+01
1.887886949169310213e+01
1.887883975962996530e+01
1.887903296777974305e+01
1.887894765778192863e+01
1.887886344719511555e+01
1.887901588923240581e+01
1.887917186440846251e+01
1.887925327895271010e+01
1.887945402399387973e+01
1.887922621952932900e+01
1.887920240133725969e+01
1.887871866969767609e+01
1.887886906718758340e+01
1.887891500974232528e+01
1.887901030268772828e+01
1.887913288915496679e+01
1.887921315309667136e+01
1.887942050295366414e+01
1.887943346066965944e+01
1.887950468557211892e+01
1.887961657157579509e+01
1.887952839377319947e+01
1.887966021077189183e+01
1.887939592699301983e+01
1.887937311053541123e+01
1.887945720666867544e+01
1.887967300890822742e+01
1.887985223971487869e+01
1.888004346093115160e+01
1.888020804870993885e+01
1.888037958324467169e+01
1.888057798146745370e+01
1.888031659859048972e+01
1.888025360077038783e+01
1.887987257198453506e+01
1.888006304725054818e+01
1.888000852384480055e+01
1.888014845712475420e+01
1.888032559618911677e+01
1.888018570942243102e+01
1.888034781222409109e+01
1.888035211274120329e+01
1.888041890262332956e+01
1.888063170753934372e+01
1.888075031989366437e+01
1.888037884533346400e+01
1.888054739494310041e+01
1.888060235500470085e+01
1.888079344365385381e+01
1.888084554407267746e+01
1.888045656508123926e+01
1.888008009938176102e+01
1.888017820174588124e+01
1.888035203698390063e+01
1.888025473054484848e+01
1.888031746875015315e+01
1.888040408106529711e+01
1.888038598505274379e+01
1.888047057395381145e+01
1.888037179149489120e+01
1.888044186372058419e+01
1.888051118745981682e+01
1.888068444449660177e+01
1.888056052075020474e+01
1.888061363241482837e+01
1.888078117583151894e+01
1.888085492376353614e+01
1.888100909292286289e+01
1.888118842251029150e+01
1.888138431489122482e+01
1.888157986159669832e+01
1.888140876956012448e+01
1.888152618194373034e+01
1.888154854708382402e+01
1.888125476754149901e+01
1.888132826473256642e+01
1.888150491579085610e+01
1.888160705570131270e+01
1.888178328474708678e+01
1.888194701269695841e+01
1.888203685255366793e+01
1.888214966950055285e+01
1.888222726617897962e+01
1.888235530684857366e+01
1.888253724291984526e+01
1.888266778270219248e+01
1.888274627277836260e+01
1.888292489718340050e+01
1.888310925241766824e+01
1.888329235077891965e+01
1.888276981288688461e+01
1.888295442477432218e+01
1.888312520598758582e+01
1.888300136346331115e+01
1.888281841805840955e+01
1.888295129992424037e+01
1.888299964596277647e+01
1.888300927830964682e+01
1.888306626356175855e+01
1.888290868357353247e+01
1.888269452216179900e+01
1.888257722021462470e+01
1.888276188291818869e+01
1.888287763132478858e+01
1.888307486565675930e+01
1.888327230533835888e+01
1.888343656958438643e+01
1.888353975124978135e+01
1.888363313587473158e+01
1.888367099018459072e+01
1.888343343445141898e+01
1.888329078254920645e+01
1.888338582132856658e+01
1.888351925897008599e+01
1.888367752505327601e+01
1.888370519335823516e+01
1.888368124026900929e+01
1.888314270961122077e+01
1.888327273687222529e+01
1.888346150573715931e+01
1.888363613207265246e+01
1.888377786681356696e+01
1.888374991613023468e+01
1.888375795778916455e+01
1.888394995716232927e+01
1.888393258899179372e+01
1.888396667517997329e+01
1.888384123322832409e+01
1.888402099430273395e+01
1.888414382860959861e+01
1.888414859743917518e+01
1.888421448954427007e+01
1.888441186542001660e+01
1.888450616053541609e+01
1.888416585835120998e+01
1.888436141178279470e+01
1.888443691510050471e+01
1.888460994444767849e+01
1.888481159563687228e+01
1.888498400889571727e+01
1.888481371343602788e+01
1.888452538684241233e+01
1.888471484193008010e+01
1.888490674594016383e+01
1.888511591591047534e+01
1.888529409112721780e+01
1.888531128502304313e+01
1.888518080671085286e+01
1.888529092219663852e+01
1.888544295505140269e+01
1.888547430881651579e+01
1.888495452592142243e+01
1.888502600602256720e+01
1.888517988027596317e+01
1.888534892506883622e+01
1.888552247418407504e+01
1.888535495503012740e+01
1.888537784417680143e+01
1.888551206336637378e+01
1.888565616609486497e+01
1.888574654560340704e+01
1.888589085453136107e+01
1.888584976766650314e+01
1.888593379421141094e+01
1.888610329635724483e+01
1.888605196520677509e+01
1.888619671087547758e+01
1.888633701628451789e+01
1.888640205813450734e+01
1.888640926807365972e+01
1.888639064994923800e+01
1.888648778669722716e+01
1.888662727066333247e+01
1.888659341708280692e+01
1.888641418665467597e+01
1.888599413279147754e+01
1.888592945763360476e+01
1.888607289933651145e+01
1.888617997608336552e+01
1.888631753879199238e+01
1.888642263553138889e+01
1.888649022665892474e+01
1.888652408241497582e+01
1.888656974775807740e+01
1.888653735953744572e+01
1.888664238856697963e+01
1.888685441289090505e+01
1.888705282783263328e+01
1.888723064890646697e+01
1.888731829113702787e+01
1.888746937943201587e+01
1.888760902574080447e+01
1.888759358031693125e+01
1.888773924870932319e+01
1.888782529131365351e+01
1.888796922483638241e+01
1.888807305671079817e+01
1.888797313648697695e+01
1.888816079311889595e+01
1.888827836818736472e+01
1.888819231249005881e+01
1.888814782121420066e+01
1.888813966866000271e+01
1.888813134697726781e+01
1.888830556129064320e+01
1.888819881539880541e+01
1.888846571754870141e+01
1.888869394982667771e+01
1.888876268669725889e+01
1.888873124434525863e+01
1.888887627336266206e+01
1.888886196253743321e+01
1.888873973285753749e+01
1.888876129872309662e+01
1.888881490628224569e+01
1.888896506842375800e+01
1.888895582075225832e+01
1.888884767743418536e+01
1.888890203141486168e+01
1.888848446961664607e+01
1.888863133944760975e+01
1.888832967217113890e+01
1.888833206018366795e+01
1.888822604284057149e+01
1.888826598731501250e+01
1.888820323834995207e+01
1.888819725778956737e+01
1.888826207248844469e+01
1.888836711353838993e+01
1.888807682048269143e+01
1.888822040003377012e+01
1.888814906740463329e+01
1.888831717431360246e+01
1.888822958434614208e+01
1.888822497098410835e+01
1.888770147648565612e+01
1.888783677614802059e+01
1.888728516182384354e+01
1.888740588552978039e+01
1.888747748594928311e+01
1.888734801699682464e+01
1.888741759166269318e+01
1.888749898858716847e+01
1.888747272508204844e+01
1.888759902655693779e+01
1.888772981162261644e+01
1.888783137463739692e+01
1.888796281044207248e+01
1.888809113420702701e+01
1.888819604508627492e+01
1.888832648300463291e+01
1.888810774966827211e+01
1.888796639264275967e+01
1.888811206966462564e+01
1.888827242553010421e+01
1.888844739319553412e+01
1.888855179203340739e+01
1.888875276733737962e+01
1.888880996936861223e+01
1.888892460620924396e+01
1.888897922418051678e+01
1.888914738998668241e+01
1.888932413088315698e+01
1.888952780994449299e+01
1.888971905655831307e+01
1.888955027934407482e+01
1.888964175039287241e+01
1.888960079834187766e+01
1.888975451072666800e+01
1.888978652878778774e+01
1.888989489063960647e+01
1.888992681356704395e+01
1.888970174443576866e+01
1.888985665495408739e+01
1.888958278052395201e+01
1.888921404450249497e+01
1.888923005407380984e+01
1.888932770795427274e+01
1.888909591351358230e+01
1.888919352690898279e+01
1.888917362897042196e+01
1.888901455045663269e+01
1.888858326848562541e+01
1.888877338329060862e+01
1.888890297435960264e+01
1.888908444572049561e+01
1.888922512337880733e+01
1.888932829918648437e+01
1.888948192562885353e+01
1.888965791227463598e+01
1.888960772523495635e+01
1.888947832289732531e+01
1.888957221232845995e+01
1.888924521517296284e+01
1.888927195343412890e+01
1.888931249310110161e+01
1.888943381735274940e+01
1.888957324985327446e+01
1.888859284232394486e+01
1.888813143456764720e+01
1.888827960262838346e+01
1.888837825965092065e+01
1.888854346339903501e+01
1.888834027568976026e+01
1.888845265597446854e+01
1.888847539783266782e+01
1.888825802083279370e+01
1.888817038078045130e+01
1.888830965587300525e+01
1.888789880458828918e+01
1.888800982110211280e+01
1.888806932944264716e+01
1.888817374147528838e+01
1.888819907124611319e+01
1.888825126665254572e+01
1.888836508244904877e+01
1.888823539798206141e+01
1.888838714493470405e+01
1.888853432126701648e+01
1.888851873311745067e+01
1.888862498048071359e+01
1.888878961005934798e+01
1.888875558547468714e+01
1.888865009367947323e+01
1.888880634294227434e+01
1.888897101880584373e+01
1.888869893927082799e+01
1.888882303174573352e+01
1.888888956157366295e+01
1.888890979946661020e+01
1.888897216824281244e+01
1.888897950084308519e+01
1.888900761985210153e+01
1.888898075677883526e+01
1.888913718302606171e+01
1.888926919085675138e+01
1.888933764031922635e+01
1.888942683033844361e+01
1.888961286432790132e+01
1.888974202014770398e+01
1.888958277032012489e+01
1.888969075908787332e+01
1.888979136294838668e+01
1.888984697529519252e+01
1.888984541354913915e+01
1.888975565689591107e+01
1.888988452263273388e+01
1.889002314391812831e+01
1.889016475292469011e+01
1.889028432267969038e+01
1.889040890598433364e+01
1.889054172911133378e+01
1.889067887718146466e+01
1.889080801042506152e+01
1.889057041513189006e+01
1.889061598353541882e+01
1.889064299613714937e+01
1.889075546211142864e+01
1.889091475630482364e+01
1.889098523503674443e+01
1.889111106661969686e+01
1.889098360184723191e+01
1.889114159858604225e+01
1.889124733533923006e+01
1.889136983733725117e+01
1.889111057261056104e+01
1.889126304555631108e+01
1.889133184881749372e+01
1.889139935104692825e+01
1.889138834739134509e+01
1.889153020923684423e+01
1.889128554217082723e+01
1.889136619546512819e+01
1.889128586332392956e+01
1.889147225284237308e+01
1.889150787440044965e+01
1.889158661900491509e+01
1.889167592661344486e+01
1.889174515282742917e+01
1.889186780232401119e+01
1.889190633698499866e+01
1.889191140471200114e+01
1.889194193367878327e+01
1.889208663164400903e+01
1.889207261730960141e+01
1.889211698455136812e+01
1.889223725092875128e+01
1.889135680404179141e+01
1.889101990394176411e+01
1.889097675864529080e+01
1.889106843188108797e+01
1.889115168703542835e+01
1.889119290556813269e+01
1.889115737397951378e+01
1.889130621227999640e+01
1.889139940225988212e+01
1.889156170197002993e+01
1.889156954486172424e+01
1.889169684229857893e+01
1.889181134790109340e+01
1.889197492128462841e+01
1.889167743290479251e+01
1.889167295957714288e+01
1.889153292326251687e+01
1.889142491309948468e+01
1.889146823707515921e+01
1.889129776000498140e+01
1.889135628707545322e+01
1.889100248967626783e+01
1.889115058673820613e+01
1.889132312224068144e+01
1.889143411208704038e+01
1.889159711183680201e+01
1.889175466251486668e+01
1.889186041089791956e+01
1.889191157297482704e+01
1.889205514227014149e+01
1.889215413987723480e+01
1.889225798208674689e+01
1.889210722651271723e+01
1.889218444512852813e+01
1.889210770551737539e+01
1.889224552752428110e+01
1.889220412713618202e+01
1.889214105543850764e+01
1.889191857161721799e+01
1.889189560507139021e+01
1.889193670093385435e+01
1.889191623944183718e+01
1.889203592105149454e+01
1.889215381457300325e+01
1.889214867009814469e+01
1.889220099372350958e+01
1.889180893277534778e+01
1.889187774677674270e+01
1.889205627101058127e+01
1.889217296443970895e+01
1.889169848668164775e+01
1.889180839055848082e+01
1.889143040685116404e+01
1.889077200891864905e+01
1.889094729433018571e+01
1.889099999237795657e+01
1.889106643656468520e+01
1.889118337694163685e+01
1.889112073196213260e+01
1.889127213862378341e+01
1.889107551116232386e+01
1.889101629462022913e+01
1.889116844217675961e+01
1.889131437929651014e+01
1.889118755406918382e+01
1.889109627505977329e+01
1.889125308665759917e+01
1.889140321531611022e+01
1.889148395633120359e+01
1.889159849363384680e+01
1.889174097292794485e+01
1.889183666601560674e+01
1.889200424813762780e+01
1.889215870763115035e+01
1.889210330164899787e+01
1.889178118416898045e+01
1.889194350057875482e+01
1.889211348931433321e+01
1.889217372074983814e+01
1.889231443517961750e+01
1.889245183665114780e+01
1.889222696602386975e+01
1.889216995058655968e+01
1.889229501522711985e+01
1.889238814017139489e+01
1.889244533675348237e+01
1.889260447112632235e+01
1.889273094128827779e+01
1.889283243449360938e+01
1.889299753933669734e+01
1.889302364530913891e+01
1.889308625967518651e+01
1.889312497254347889e+01
1.889313065014447446e+01
1.889301427173227310e+01
1.889317930539759871e+01
1.889330899816003395e+01
1.889341105044738711e+01
1.889333997152649403e+01
1.889338411753838898e+01
1.889330483263200122e+01
1.889334820141630544e+01
1.889349346732055679e+01
1.889356554615390849e+01
1.889352070894263846e+01
1.889366852810782760e+01
1.889379855057658730e+01
1.889360977815169207e+01
1.889340539755497517e+01
1.889352332732332940e+01
1.889361461009605136e+01
1.889371452816018149e+01
1.889338051062518886e+01
1.889327169770925252e+01
1.889316857590747389e+01
1.889319252732632393e+01
1.889333930892167146e+01
1.889342808506417271e+01
1.889345944182756298e+01
1.889343641986041789e+01
1.889353339899058426e+01
1.889333610043841105e+01
1.889345287883793389e+01
1.889357137497870198e+01
1.889351335405823917e+01
1.889366558238098648e+01
1.889380301208573698e+01
1.889383768836676936e+01
1.889336691527223522e+01
1.889330274014585953e+01
1.889334441258647246e+01
1.889351071295565987e+01
1.889362841407979232e+01
1.889332804860701387e+01
1.889319920239347539e+01
1.889324743473025237e+01
1.889331381970854906e+01
1.889343420427725917e+01
1.889349007000864233e+01
1.889349916662606788e+01
1.889343559622006552e+01
1.889348870735234698e+01
1.889346231560417522e+01
1.889336068949279124e+01
1.889343504119288042e+01
1.889354787875613795e+01
1.889335896157829353e+01
1.889345349975307187e+01
1.889355572209872847e+01
1.889344396573646634e+01
1.889328542374832409e+01
1.889332910294630352e+01
1.889345200857247775e+01
1.889358772055210167e+01
1.889369203162473454e+01
1.889362533655253173e+01
1.889376359994398413e+01
1.889354722537639120e+01
1.889362185621133960e+01
1.889355284794183731e+01
1.889298319172379692e+01
1.889292642972470304e+01
1.889307870013796631e+01
1.889311999447787116e+01
1.889324187900871976e+01
1.889335834121551372e+01
1.889346242154773137e+01
1.889357705588164293e+01
1.889361159579569360e+01
1.889374999353445261e+01
1.889390260382965891e+01
1.889405289614190764e+01
1.889420613622546341e+01
1.889423797756232304e+01
1.889427357692408904e+01
1.889435847247545652e+01
1.889429768283134337e+01
1.889412477404877322e+01
1.889424628800279748e+01
1.889431872203409668e+01
1.889438361997413907e+01
1.889437285084569851e+01
1.889449486649986909e+01
1.889447604318395690e+01
1.889440023529441604e+01
1.889431626591034785e+01
1.889402138742687498e+01
1.889409053976215347e+01
1.889421190849363086e+01
1.889429822785261948e+01
1.889424265847970830e+01
1.889421527316043736e+01
1.889432584213273714e+01
1.889413987801261641e+01
1.889406903972731300e+01
1.889412405108877380e+01
1.889420879667986597e+01
1.889418319936548940e+01
1.889411333388382275e+01
1.889364343106016975e+01
1.889370118792590603e+01
1.889385120832908171e+01
1.889369506883042504e+01
1.889364112299588072e+01
1.889379230841703716e+01
1.889374564595918571e+01
1.889338516919688971e+01
1.889353620002249201e+01
1.889359411258612909e+01
1.889369673243845327e+01
1.889378513275831750e+01
1.889390472765053275e+01
1.889399178621951236e+01
1.889412609567852996e+01
1.889407988100413149e+01
1.889399357355963360e+01
1.889403056919998392e+01
1.889418497412634323e+01
1.889432417702012756e+01
1.889440736165462198e+01
1.889444012745122592e+01
1.889440320593943667e+01
1.889454182079720468e+01
1.889464761942199189e+01
1.889429032757900373e+01
1.889409871924839024e+01
1.889424510959763026e+01
1.889418065454866991e+01
1.889399021681474267e+01
1.889409872176595329e+01
1.889424187446741499e+01
1.889439567871237813e+01
1.889449309230347041e+01
1.889460172259208193e+01
1.889475539985915731e+01
1.889491382855653967e+01
1.889463390451364333e+01
1.889475440348736868e+01
1.889454727627050090e+01
1.889466683187344387e+01
1.889479849282736623e+01
1.889471762330291327e+01
1.889487538574337933e+01
1.889498682824232390e+01
1.889500749999009344e+01
1.889505967883664184e+01
1.889517585561223711e+01
1.889526482040855626e+01
1.889538734211394910e+01
1.889553236862492724e+01
1.889564633347375633e+01
1.889569457792918428e+01
1.889584559054306467e+01
1.889566063295357523e+01
1.889552103942376604e+01
1.889540834150818327e+01
1.889546851563655494e+01
1.889551732610255641e+01
1.889533626414142020e+01
1.889546389908233692e+01
1.889560609554766657e+01
1.889558456980613599e+01
1.889569672813389900e+01
1.889536059917088551e+01
1.889521285281922758e+01
1.889535827591606676e+01
1.889533884043413181e+01
1.889547014008052628e+01
1.889538176215144460e+01
1.889546370661241070e+01
1.889550557882392923e+01
1.889563786977187831e+01
1.889574548554785594e+01
1.889575625063215725e+01
1.889590082794569170e+01
1.889579310789501321e+01
1.889583860872409815e+01
1.889594859916703840e+01
1.889589207241375846e+01
1.889585861908204834e+01
1.893941222332513519e+01
1.899622581484523209e+01
1.901736264192854264e+01
1.899983687720664705e+01
1.902841015290913163e+01
1.903535422572838343e+01
1.892424698694937035e+01
1.892434397960712644e+01
1.892422670112304317e+01
1.892435919427147439e+01
1.892448831244333718e+01
1.892462452500112491e+01
1.892477322541833473e+01
1.892457137554504598e+01
1.892470005653050436e+01
1.892483121798680301e+01
1.892494841495455660e+01
1.892500556328354122e+01
1.892508036465777010e+01
1.892523641259353440e+01
1.892525969304085365e+01
1.892536348560627246e+01
1.892548968308940971e+01
1.892561942471457570e+01
1.892571704991682680e+01
1.892578989125006572e+01
1.892591120709630914e+01
1.892599273605967269e+01
1.892612479891554145e+01
1.892604236496471515e+01
1.892613225718735492e+01
1.892622094822725387e+01
1.892582220867056719e+01
1.892584657832434303e+01
1.892588472845676151e+01
1.892560695858296071e+01
1.892572582569178863e+01
1.892586311232462037e+01
1.892571342798071043e+01
1.892574111354555555e+01
1.892582341239546651e+01
1.892593420615153477e+01
1.892586036216966150e+01
1.892590353366428957e+01
1.892601044186132597e+01
1.892614843859185569e+01
1.892554102921666015e+01
1.892564993085138880e+01
1.892570450601203191e+01
1.892576907617532456e+01
1.892591491813890769e+01
1.892561413911805346e+01
1.892575955411086852e+01
1.892583520783223960e+01
1.892582638097052694e+01
1.892588527030251910e+01
1.892600850183866612e+01
1.892607324494802867e+01
1.892589942835425276e+01
1.892594205129388740e+01
1.892608958509679340e+01
1.892612259913514805e+01
1.892616967389431437e+01
1.892623986229515864e+01
1.892609028790231562e+01
1.892623179871578998e+01
1.892628739097576585e+01
1.892623342781397966e+01
1.892630903488269922e+01
1.892644032549428701e+01
1.892650407138449253e+01
1.892654259457940569e+01
1.892636293104373024e+01
1.892651081595258589e+01
1.892663561183544374e+01
1.892673497522359582e+01
1.892672973342570586e+01
1.892682503444849829e+01
1.892679804449157288e+01
1.892664221681137349e+01
1.892677599659981880e+01
1.892689691583316147e+01
1.892685720551377315e+01
1.892687357948413407e+01
1.892700959578927922e+01
1.892692859930429705e+01
1.892695237321957080e+01
1.892687462926948072e+01
1.892670634497032367e+01
1.892679297370907676e+01
1.892690269902745470e+01
1.892690528353723778e+01
1.892696081821695486e+01
1.892703031983446849e+01
1.892702034185068172e+01
1.892687602960815241e+01
1.892696848253946129e+01
1.892697729037898924e+01
1.892680043590739913e+01
1.892686966333018006e+01
1.892688233017488031e+01
1.892679965728790492e+01
1.892691664257927187e+01
1.892691630771921751e+01
1.892703431521357516e+01
1.892703122104527225e+01
1.892704692506578112e+01
1.892694725755614371e+01
1.892701151435696261e+01
1.892707155950668607e+01
1.892718658119902742e+01
1.892700261407384943e+01
1.892679979589192030e+01
1.892670090222096491e+01
1.892668113895953041e+01
1.892653078479606066e+01
1.892664794231065883e+01
1.892666527426173317e+01
1.892672017198994183e+01
1.892685102847111978e+01
1.892695172892727840e+01
1.892663002393835825e+01
1.892647293099920702e+01
1.892649460363048775e+01
1.892642357115843765e+01
1.892644308122605423e+01
1.892654388919642017e+01
1.892667945307705679e+01
1.892678807047364131e+01
1.892688080210398027e+01
1.892702146263209784e+01
1.892711815357548844e+01
1.892725251265692776e+01
1.892721037042719701e+01
1.892717838409970099e+01
1.892727528286978611e+01
1.892735465174787635e+01
1.892723484281357926e+01
1.892736060466434367e+01
1.892732960916312734e+01
1.892744710511966844e+01
1.892752908703918990e+01
1.892760895171861435e+01
1.892770769133848319e+01
1.892782471270533406e+01
1.892796141210509830e+01
1.892810143865724015e+01
1.892816080959590863e+01
1.892821881444037757e+01
1.892828885842130404e+01
1.892841813127063944e+01
1.892845318331416493e+01
1.892840477051677794e+01
1.892853500105777442e+01
1.892864163866427063e+01
1.892857149882890511e+01
1.892869319716961485e+01
1.892876597746949585e+01
1.892890146606240265e+01
1.892894572517118590e+01
1.892899261729574789e+01
1.892891333655803621e+01
1.892893557980211483e+01
1.892907332516555741e+01
1.892919643430912302e+01
1.892930895465456942e+01
1.892926522792874877e+01
1.892920659586026844e+01
1.892933717919013148e+01
1.892936084184778878e+01
1.892928171228933110e+01
1.892942320864130679e+01
1.892951322544623949e+01
1.892958130434703889e+01
1.892937640450261583e+01
1.892938980323874532e+01
1.892939950666359294e+01
1.892921721608045971e+01
1.892930883497617600e+01
1.892940659315386043e+01
1.892940802041121273e+01
1.892952902375310842e+01
1.892951023383190545e+01
1.892954256023585558e+01
1.892949640938945777e+01
1.892953714064141479e+01
1.892966526891300560e+01
1.892963442644219541e+01
1.892973041703513104e+01
1.892985639243833518e+01
1.892999399055102216e+01
1.893012947022915071e+01
1.893025814340106194e+01
1.893037878075706715e+01
1.893050073328799243e+01
1.893063478451296078e+01
1.893061189020281887e+01
1.893069901323973880e+01
1.893059544364624713e+01
1.893067996312872125e+01
1.893072927625885882e+01
1.893087401614876697e+01
1.893084496884453927e+01
1.893097842919153706e+01
1.893107895547499098e+01
1.893085448134314674e+01
1.893091836399234040e+01
1.893103531600372236e+01
1.893098910237136323e+01
1.893110201327011310e+01
1.893118814487041490e+01
1.893129041903132403e+01
1.893126260057682941e+01
1.893107042478091628e+01
1.893118992549627322e+01
1.893128247455443613e+01
1.893101773790362685e+01
1.893077520744407138e+01
1.893082265912028461e+01
1.893093801036165047e+01
1.893106094769672509e+01
1.893114074389873736e+01
1.893082388174134323e+01
1.893069698174521420e+01
