9.068382242658895365e+00
8.855515016642339532e+00
8.058972465610134250e+00
7.979860660506830072e+00
7.621744990628703142e+00
7.713660395614152065e+00
7.482673562390504074e+00
7.508261784835895014e+00
7.292133557287046486e+00
7.373154297281832470e+00
1.387085528815505775e+01
1.390261112927432841e+01
1.400108150868060264e+01
1.377740606071291296e+01
1.377914505613338214e+01
1.363236720003266811e+01
1.377427275584632937e+01
1.327530254612942784e+01
1.347880546808780267e+01
1.340966603259391299e+01
1.339739732890669188e+01
1.346543960431504061e+01
1.348190822358151664e+01
1.346626299544841920e+01
1.333822308754276698e+01
1.344405102042180822e+01
1.330628729621610518e+01
1.307882672913773270e+01
1.317057388082668723e+01
1.318388308274917264e+01
1.314437450166263766e+01
1.313487895665195815e+01
1.312867083284964664e+01
1.308206617936325777e+01
1.300084230234797644e+01
1.291278971512440776e+01
1.190400586608086186e+01
1.189459631737516077e+01
1.191509453264324314e+01
1.189163416581456723e+01
1.188859925769603620e+01
1.179901587395410445e+01
1.179824303750718606e+01
1.182927746061846364e+01
1.185365697269500451e+01
1.187067621731897837e+01
1.185850440042217180e+01
1.186043694572514440e+01
1.183670637889864530e+01
1.183081020736597821e+01
1.186114106989274752e+01
1.189949599755563625e+01
1.189354393295766599e+01
1.191615844888581677e+01
1.195698509567847623e+01
1.194335300404204148e+01
1.193521271180650523e+01
1.190075132124927393e+01
1.189655110677542815e+01
1.191834155675351958e+01
1.193730468834767322e+01
1.194297568787214914e+01
1.197029188924696363e+01
1.196309158518879201e+01
1.198330694459323809e+01
1.199778306780437376e+01
1.202684741222408782e+01
1.199146945489392735e+01
1.199545004322467534e+01
1.198400626836158978e+01
1.198914629339834903e+01
1.200019354295517005e+01
1.199595808377904227e+01
1.201572953804967092e+01
1.198532118007879355e+01
1.204455434354852805e+01
1.202876524345053078e+01
1.206253502855345872e+01
1.206813890197697248e+01
1.201422313997659508e+01
1.206842964470941659e+01
1.206215520624197524e+01
1.203316339337411200e+01
1.205317799824871727e+01
1.204529777861299067e+01
1.201840310825711988e+01
1.199276388193587906e+01
1.195407692950215583e+01
1.195539494701775851e+01
1.197705776568677649e+01
1.196498300596148567e+01
1.194542513720132071e+01
1.194853224838215944e+01
1.192707492751288534e+01
1.191037201348466645e+01
1.189314233046901848e+01
1.190097364066319940e+01
1.191480044915889280e+01
1.188455288351388717e+01
1.188253270170532971e+01
1.189679024353510606e+01
1.190640599381555553e+01
1.191412526878310096e+01
1.189566101477922899e+01
1.190353302981311145e+01
1.190393329566893854e+01
1.187845836470467376e+01
1.187026225388719780e+01
1.187434370982894194e+01
1.186750584169988798e+01
1.186720978226399126e+01
1.187547546844351842e+01
1.185569316094501602e+01
1.186420790104876133e+01
1.183313562819204989e+01
1.182929256193809131e+01
1.181253454242356327e+01
1.183305790729432516e+01
1.179492019692058058e+01
1.178568004474019304e+01
1.180049005150925012e+01
1.180018074348702051e+01
1.180358184093008944e+01
1.180923718855156146e+01
1.182302463047750862e+01
1.180261281650987115e+01
1.178492504181600076e+01
1.178496194310244150e+01
1.178985733303263217e+01
1.179413845743900069e+01
1.178945490868122192e+01
1.179952443171780274e+01
1.179359593858982613e+01
1.179967640354964331e+01
1.180272994339781434e+01
1.180564323447478969e+01
1.178752559166040825e+01
1.178525971934621808e+01
1.178044619879030996e+01
1.175380668003811202e+01
1.174410152348206005e+01
1.175277385645590478e+01
1.175407212362191167e+01
1.176380782727412466e+01
1.174107263961790437e+01
1.174590525403254659e+01
1.175436254294574390e+01
1.177231398345744573e+01
1.176003708701912664e+01
1.175029959728171214e+01
1.175849638418053900e+01
1.176875468351159526e+01
1.177269710537660075e+01
1.176797816316723022e+01
1.177320963272315346e+01
1.178281450562457700e+01
1.177692726586064786e+01
1.178055540806027501e+01
1.178112276627385846e+01
1.176890629855965642e+01
1.174246969839610344e+01
1.172739130039908773e+01
1.172320085231787878e+01
1.171927317353293496e+01
1.171888601037689526e+01
1.173082015536613021e+01
1.174021824064615771e+01
1.172745128048043028e+01
1.173221887650689510e+01
1.172398313142576143e+01
1.172019689509639839e+01
1.172222204685358626e+01
1.172198378836953836e+01
1.171253075578835912e+01
1.170848100803030434e+01
1.173132762641010096e+01
1.173067914589656624e+01
1.171924831839056402e+01
1.172863541956324696e+01
1.171932468269890215e+01
1.172088053641673611e+01
1.171400598806439142e+01
1.171803611825145630e+01
1.171798947194785967e+01
1.172068142296599191e+01
1.171902884096705755e+01
1.172700125324271170e+01
1.172744359774308798e+01
1.172875735779282635e+01
1.173594521134437407e+01
1.173999034599066604e+01
1.173244809869608574e+01
1.172368011500089757e+01
1.171159835097229163e+01
1.173842170044606625e+01
1.173063500245367408e+01
1.173207522916097112e+01
1.172865191179853994e+01
1.172884100719435629e+01
1.172781536765397981e+01
1.172834649705491472e+01
1.172893126699329969e+01
1.172672831796857551e+01
1.172753255308363940e+01
1.173109511964439911e+01
1.173046664905047187e+01
1.173228680414662861e+01
1.173752238544187065e+01
1.174345494649790211e+01
1.173770045148100571e+01
1.173295400426919244e+01
1.173510902852137150e+01
1.173559698598894485e+01
1.173243672275001970e+01
1.172529672763360509e+01
1.173152158754292174e+01
1.172453385219258770e+01
1.172835848716004747e+01
1.172391480717796597e+01
1.172672738924770286e+01
1.172784388267135469e+01
1.173316396818627716e+01
1.172098038674734255e+01
1.170851579394962449e+01
1.169010758129451766e+01
1.169205964108068052e+01
1.168802875206125336e+01
1.167698778840290075e+01
1.167921853261280596e+01
1.167226652672598064e+01
1.169320680169670545e+01
1.168026907205882736e+01
1.167116298599689017e+01
1.167117335942844392e+01
1.166979606929475644e+01
1.166461276981795336e+01
1.166401330913758905e+01
1.166104986492129392e+01
1.165719824800438253e+01
1.165426927308349114e+01
1.165338585904219748e+01
1.165218571548003901e+01
1.165599941660821770e+01
1.165471205080327977e+01
1.165299364418375561e+01
1.165236705108940285e+01
1.164997544779792626e+01
1.165191647171243972e+01
1.164933389175206813e+01
1.165316622494684928e+01
1.165208171980294161e+01
1.164992468059170250e+01
1.165020677785706837e+01
1.165019769485082612e+01
1.165152582627954914e+01
1.165135917735697291e+01
1.165305836687849883e+01
1.165049435061227001e+01
1.165067454732175456e+01
1.165396118465198505e+01
1.165071820019056403e+01
1.164945838506458387e+01
1.164857464078028926e+01
1.164763392804529829e+01
1.164767856624630937e+01
1.164887557368304627e+01
1.164761366663870490e+01
1.164831562287743338e+01
1.164698536123738570e+01
1.164420243223772822e+01
1.164500948059106733e+01
1.164505154677507370e+01
1.164420775438271605e+01
1.164166419758470994e+01
1.164016717222697395e+01
1.163939162351453049e+01
1.163831991041892877e+01
1.163905721582101194e+01
1.163908962240881095e+01
1.163003201487901173e+01
1.162951514026091360e+01
1.162849816788223301e+01
1.162551604300977992e+01
1.162286859912834913e+01
1.162238657758251925e+01
1.162062678438635110e+01
1.162210021321016207e+01
1.162345629078265574e+01
1.162472827599796155e+01
1.162413833825684151e+01
1.162400758120372402e+01
1.162618906684712172e+01
1.162409275413029519e+01
1.162590202451787391e+01
1.162496480731996940e+01
1.162842258662518446e+01
1.163038767834002130e+01
1.162582636104827216e+01
1.162474089473983696e+01
1.162805227729199409e+01
1.162889922848771285e+01
1.163057779504940115e+01
1.163403527068016885e+01
1.163636711150456016e+01
1.163432644627960855e+01
1.163516216366962119e+01
1.162917544120051616e+01
1.163349269180537071e+01
1.163528370519427391e+01
1.163188715539080675e+01
1.163116636216032695e+01
1.163209908004999527e+01
1.163642783758405841e+01
1.162742823645732670e+01
1.162676719811624970e+01
1.162962552115316406e+01
1.163163564957071827e+01
1.163253579144067373e+01
1.163300480508655177e+01
1.163428162343043404e+01
1.163330843252251334e+01
1.163506260376843038e+01
1.163739891225663037e+01
1.163935786600462485e+01
1.164117277136662132e+01
1.164353509742413983e+01
1.163752836575893568e+01
1.163022135154987957e+01
1.162870910567599303e+01
1.162786983765302651e+01
1.162853785049169986e+01
1.163086649377490644e+01
1.163615062031195180e+01
1.163806836261718303e+01
1.163506799975543338e+01
1.163493769292957047e+01
1.163416913841430400e+01
1.163517913492591660e+01
1.163688527123103711e+01
1.163483020235679355e+01
1.163693704594256673e+01
1.163861249950709720e+01
1.164073706990140522e+01
1.164298837851226409e+01
1.164353995311471834e+01
1.163935769388951691e+01
1.163607974136439616e+01
1.162493827139653391e+01
1.161990486182225091e+01
1.161981882983144310e+01
1.161993200183608188e+01
1.161903470805377303e+01
1.161816183416628157e+01
1.161851392422011386e+01
1.162796549291216053e+01
1.162946426168583969e+01
1.162914037907640008e+01
1.162779158049653816e+01
1.162781147907362111e+01
1.162728180644123555e+01
1.162606934940521519e+01
1.162707041583928991e+01
1.162675391503504407e+01
1.162598524153910340e+01
1.162625620797229153e+01
1.162656341643928215e+01
1.162702227222019680e+01
1.162705639471233177e+01
1.162693972085787308e+01
1.162663214591573535e+01
1.162714934010672252e+01
1.162773268032951179e+01
1.162741953999169908e+01
1.162697074550622212e+01
1.162579591110038812e+01
1.162565328736890180e+01
1.162544219097869025e+01
1.162583211444071374e+01
1.162624800601244246e+01
1.162984020066746105e+01
1.162482360454143659e+01
1.162613386438335716e+01
1.162702776298886498e+01
1.162792808828520208e+01
1.162805503759954817e+01
1.163042418952033508e+01
1.163109486990636654e+01
1.162942219338771999e+01
1.163044643349289764e+01
1.163136900782879124e+01
1.162984197295300959e+01
1.162973611903515803e+01
1.162964338877407577e+01
1.162876124958381041e+01
1.162984613803111422e+01
1.163135618923091386e+01
1.163165266600179670e+01
1.163159077037596312e+01
1.163139725801108249e+01
1.163126097708962270e+01
1.162985750747370517e+01
1.162896838760804208e+01
1.162672000765744684e+01
1.162552169879369224e+01
1.162609849798288764e+01
1.162499300585622386e+01
1.162576716414643485e+01
1.162590524716419793e+01
1.162506578454263995e+01
1.162482184567898003e+01
1.162443526979057395e+01
1.162507591428210318e+01
1.162526042776095458e+01
1.162633084865408861e+01
1.162684943229437629e+01
1.162647952911015636e+01
1.162543565810018364e+01
1.162542989222523104e+01
1.162571645566894318e+01
1.162506106579990472e+01
1.162442523455586851e+01
1.162482570846384355e+01
1.162344028925995154e+01
1.162385335343366144e+01
1.161942098738784779e+01
1.162036749376668610e+01
1.162437103074201872e+01
1.162043251368926455e+01
1.161980233929536155e+01
1.161990665808434287e+01
1.162281162608007357e+01
1.162218346071009023e+01
1.162422129677921845e+01
1.162286358227706451e+01
1.162388881632775295e+01
1.162659608403962608e+01
1.162770824559247451e+01
1.162708751918908234e+01
1.162172556204279772e+01
1.162210120718714101e+01
1.162517083100743776e+01
1.162622842388402766e+01
1.162719596338456718e+01
1.163261035330453197e+01
1.163216152446583429e+01
1.163050925082545817e+01
1.163244079200327263e+01
1.163013970656137985e+01
1.163354336899545416e+01
1.163529238385905806e+01
1.163725813983185553e+01
1.163826680924982071e+01
1.164021944407049247e+01
1.164016413639671654e+01
1.164021749030574426e+01
1.163984861325780429e+01
1.163826114034621106e+01
1.164048037838870364e+01
1.164072853267719054e+01
1.164061924558062167e+01
1.164143062534243533e+01
1.164068783949805308e+01
1.164273986366578306e+01
1.164371143611220560e+01
1.164366790301340160e+01
1.164696243019095867e+01
1.165041108156224681e+01
1.165150712366513730e+01
1.165003972838752055e+01
1.164435627516496119e+01
1.164585554062200679e+01
1.164540728584230855e+01
1.164616471698888667e+01
1.164267611533674796e+01
1.164372065827024905e+01
1.164420479239294082e+01
1.164580890679845737e+01
1.164276002978758129e+01
1.163871078004252269e+01
1.164017220486837623e+01
1.164131566287806585e+01
1.164268273066745074e+01
1.164498924168280602e+01
1.164395302363936402e+01
1.164354952975974022e+01
1.164398462291412706e+01
1.164400721899781743e+01
1.163952902997356631e+01
1.163929655751657499e+01
1.163903400781832076e+01
1.164021247676099335e+01
1.164158388272022115e+01
1.164248818380144712e+01
1.164362832056784214e+01
1.164292035262780622e+01
1.164291463484036981e+01
1.164414962305915147e+01
1.164166657777945524e+01
1.164311768295883098e+01
1.164337745707059568e+01
1.164401292288520473e+01
1.164527021259610962e+01
1.164786098083373567e+01
1.165373321233981585e+01
1.165089011061609625e+01
1.165012376177539366e+01
1.164868978014134093e+01
1.164286249365708414e+01
1.164071506638678066e+01
1.163954069980188955e+01
1.163924051815634186e+01
1.163951821547767196e+01
1.163968263717847229e+01
1.163975320383180545e+01
1.163932051107073917e+01
1.164333336947655617e+01
1.164136161088654120e+01
1.163744842787199474e+01
1.163860514213804009e+01
1.164392564367903127e+01
1.165101464416294874e+01
1.165228820285468458e+01
1.165297051073181400e+01
1.165472711357644364e+01
1.165632207358832950e+01
1.165590718473157672e+01
1.165432016720897224e+01
1.165244991731802138e+01
1.165456478143688557e+01
1.165615767453657448e+01
1.165560676956974895e+01
1.165551508535371994e+01
1.165454628117923974e+01
1.165068538914526286e+01
1.164574280520490568e+01
1.164801026874702572e+01
1.165100034239730498e+01
1.165146152123665502e+01
1.165243346281082637e+01
1.165315693568129163e+01
1.165782791310832600e+01
1.166263405318029278e+01
1.166659488282622981e+01
1.166981310148180739e+01
1.166730486593172955e+01
1.167009413336568890e+01
1.167560467759925302e+01
1.168299167446238052e+01
1.166123092893686497e+01
1.165013389188139215e+01
1.164716151246769726e+01
1.164618909696572580e+01
1.164992735306240235e+01
1.165251337319142166e+01
1.165023519396512341e+01
1.165415942075697409e+01
1.165613175148019565e+01
1.165097733515240463e+01
1.165322266086146819e+01
1.165686975473553488e+01
1.165668796407918961e+01
1.166277568983211488e+01
1.166089582719151885e+01
1.166096825645488977e+01
1.166740550836989598e+01
1.166548194972402896e+01
1.166851353719715512e+01
1.167097186791270502e+01
1.167386095322450146e+01
1.167628335625362190e+01
1.167826504833499968e+01
1.167500682256253519e+01
1.162232293502716551e+01
1.155598359329326819e+01
1.151001855813978558e+01
1.146579584125034579e+01
1.143345462586951911e+01
1.145229014471763485e+01
1.146476573318996728e+01
1.147098122390736741e+01
1.147618055157062678e+01
1.147476951863625771e+01
1.147670760483703845e+01
1.147954670472218730e+01
1.148033614922856493e+01
1.148583666488550037e+01
1.148898305635732520e+01
1.149004438499998493e+01
1.149164686770918564e+01
1.149017711284593091e+01
1.149238283678604766e+01
1.147992432869247814e+01
1.147658218681954345e+01
1.147452294922929106e+01
1.147714478716461528e+01
1.147707728213648970e+01
1.147657936241560961e+01
1.147701102310709764e+01
1.148143290286831331e+01
1.147894642190556880e+01
9.726570045007727927e+00
8.723008916903808085e+00
8.441487340592363608e+00
8.226843491232662231e+00
8.125773294880728415e+00
8.089014078728219204e+00
8.085051237233926713e+00
8.087330007750216154e+00
8.086342896636967481e+00
8.099406099406317949e+00
8.084918765450355593e+00
8.107992946430504944e+00
8.100476449068880314e+00
8.098425514779650669e+00
8.090697252003032247e+00
8.095261387026871702e+00
8.087732818863358375e+00
8.086866331152840814e+00
8.087721534024995051e+00
8.086335979570868915e+00
8.089393294263324208e+00
8.088310311855019918e+00
8.091559578750416648e+00
8.080436520694552982e+00
8.080638714133893785e+00
8.080123978545227459e+00
8.079983368251824061e+00
8.081772187277906028e+00
8.085661518480973697e+00
8.083982441805060759e+00
8.084466042116652318e+00
8.084288392271213652e+00
8.083959956145680081e+00
8.082466588988078016e+00
8.086707851951906889e+00
8.089612265150764259e+00
8.086039003255585556e+00
8.086243687715969131e+00
8.083435680054456896e+00
8.080800067029796807e+00
8.080251609666715851e+00
8.080921125568741203e+00
8.083321874782093630e+00
8.084533257708077514e+00
8.086652504815480924e+00
8.072920298693007979e+00
8.071314597288600012e+00
8.074481579383224528e+00
8.074199152388585432e+00
8.073121555742769573e+00
8.071230994006297621e+00
8.071725835346336808e+00
8.069958055594620205e+00
8.070132916398589984e+00
8.069693595547654752e+00
8.069534294934911145e+00
8.071709759358077108e+00
8.071951191472479081e+00
8.069968338748303438e+00
8.070325946414076412e+00
8.066615495973659122e+00
8.066697885696154202e+00
8.064918529750430665e+00
8.064389160592408956e+00
8.065378361368139792e+00
8.065289067122485278e+00
8.067576800591471198e+00
8.046766318349234837e+00
8.026779877574734101e+00
8.029160835613575742e+00
8.024460349559795702e+00
8.016144945894801310e+00
8.038756026574425562e+00
8.049071398822073675e+00
8.034780996169892830e+00
8.023649114041953467e+00
8.021546374057573203e+00
8.013169872032522179e+00
8.005766460406501750e+00
8.028152144292533876e+00
8.042677354200970186e+00
8.048986912197294785e+00
8.040265058617533711e+00
8.035551330581840901e+00
8.035217174402427887e+00
8.024921428034554438e+00
8.021205195583426928e+00
8.018475242826667682e+00
8.020989697039771826e+00
8.018845605016382549e+00
8.020670487124062831e+00
8.018627094167314340e+00
8.016203101566837574e+00
8.017067854775495661e+00
8.017844534496585851e+00
8.017179227995764990e+00
8.014671235802806493e+00
8.019412035145302653e+00
8.017880288184965565e+00
8.019939287876171718e+00
8.022303028924092416e+00
8.020876846950077521e+00
8.021884676840999262e+00
8.021214003817064508e+00
8.022633263416075522e+00
8.022344260176048181e+00
8.023972217955853026e+00
8.021525067584683200e+00
8.021064376634722493e+00
8.019833738078281371e+00
8.020171459064478370e+00
8.021023736394068848e+00
8.019455945959457210e+00
8.018841658829497732e+00
8.022002117148103295e+00
8.022599402255023548e+00
8.023576201669648356e+00
8.024646321501952784e+00
8.026611346951204595e+00
8.024489984986432844e+00
8.025084774470350624e+00
8.023699474496192252e+00
8.019718405398336358e+00
8.017574795205916871e+00
8.017406664889026757e+00
8.018640340712742898e+00
8.017233529699765882e+00
8.017140589356113622e+00
8.015989887604055397e+00
8.015243658473966804e+00
8.015018369705323664e+00
8.014557493463227544e+00
8.014380973454555246e+00
8.014042803682890792e+00
8.014028467504086706e+00
8.012822150494248064e+00
8.012856953847707686e+00
8.012676455975503487e+00
8.012442157930749431e+00
8.012238932897632893e+00
8.015203525317007305e+00
8.015854859485324724e+00
8.013967810439021733e+00
8.012178159900646079e+00
8.012607677302453268e+00
8.011867859995854602e+00
8.013003593639613342e+00
8.013315860534808266e+00
8.012993726696798547e+00
8.013419242753274219e+00
8.012343323447316479e+00
8.011929214190038451e+00
8.008683410004646674e+00
8.008419264986033070e+00
8.008305103979402872e+00
8.007475638723132505e+00
8.007887752771601697e+00
8.008154880978342050e+00
8.007444742855087227e+00
8.007414260969039077e+00
8.007390785160222180e+00
8.007207735845840446e+00
8.008842350977595004e+00
8.008653941448173441e+00
8.008145837960867652e+00
8.007732935673551822e+00
8.007406129246497528e+00
8.007345749821082492e+00
8.007180738791380037e+00
8.006792479137210705e+00
8.006935199062420239e+00
8.006588162545543952e+00
8.007273735600005438e+00
8.006825362412920200e+00
8.006059386105857101e+00
8.005906506763670549e+00
8.005952884739025777e+00
8.006055925011992258e+00
8.007723707490926657e+00
8.007879057972616010e+00
8.007314323074503193e+00
8.009309682010565368e+00
8.009536219013371650e+00
8.006982695617587353e+00
8.007397349459115077e+00
8.009317535100841212e+00
8.009640649715345617e+00
8.008242434697606882e+00
8.010637659793253817e+00
8.013042521952460362e+00
8.013200434036756192e+00
8.013892018352239077e+00
8.014173771993009510e+00
8.014528733302219266e+00
8.015424136720147530e+00
8.015614311948880299e+00
8.015704068929178305e+00
8.014336510243694534e+00
8.015202574083970077e+00
8.015116377316807927e+00
8.015291429800546652e+00
8.015283187458750902e+00
8.014973758992901764e+00
8.015022993439124832e+00
8.010344837428549525e+00
8.009219559258056620e+00
8.008703002791261127e+00
8.007832133325916146e+00
8.007093951684169042e+00
8.005983707925931725e+00
8.006475924380941578e+00
8.007866905514765321e+00
8.007610418302297361e+00
8.007009166583578974e+00
8.006003552765214692e+00
8.006437056870918667e+00
8.004994574778915961e+00
8.004614864184704359e+00
8.004534294091468993e+00
8.003735803777614066e+00
8.002938622497451249e+00
8.002807991274792698e+00
8.003257711202623526e+00
8.003045637204364127e+00
8.004320264053340850e+00
8.006523358921789679e+00
8.006048873324356663e+00
8.006042755255158738e+00
8.005039194365444644e+00
8.003729937009147477e+00
8.003185563720457196e+00
8.002571262090897974e+00
8.004416453826047828e+00
8.004363490163576955e+00
8.003064684307771515e+00
8.003482162285898482e+00
8.000060426447065609e+00
7.999245993109934005e+00
8.002414917424509611e+00
8.002670590645342585e+00
8.001588666559150909e+00
8.001227910016103451e+00
8.002305499180895509e+00
8.001165671839586935e+00
8.000514643094025047e+00
8.005848394688349856e+00
8.006026585392213235e+00
8.007593581850851905e+00
8.007165409511088683e+00
8.006520082181802778e+00
8.005539382738730225e+00
8.005876475843791695e+00
8.005835169081979785e+00
8.006462086496886954e+00
8.009218704921542198e+00
8.008951292381457421e+00
8.008356942453502825e+00
8.007115049948696495e+00
8.007207297832302118e+00
8.008718019205950611e+00
8.008171937630111259e+00
8.008084243209092179e+00
8.009588712030760504e+00
8.006237688983983247e+00
8.005932548891474099e+00
8.005094468646799299e+00
8.004453322783092517e+00
8.004034328885220262e+00
8.003193411494541110e+00
8.002458187954726299e+00
8.003105523755500883e+00
8.002951538787462127e+00
8.002489172963690223e+00
8.001465062502694181e+00
8.000640660128901516e+00
8.001978629969507040e+00
8.002119660636910936e+00
8.001491990061548876e+00
8.002600957613179133e+00
8.001711502625319383e+00
8.001257733799979732e+00
8.001588237763435529e+00
8.003185697795831999e+00
8.003432731233441899e+00
8.003882415226755143e+00
8.004189159380082685e+00
8.004527471489204515e+00
8.005398682153193946e+00
8.004243825077400842e+00
8.003860442423762933e+00
8.004632698599287721e+00
8.004070527213691832e+00
8.003752076645383795e+00
8.002961591948668740e+00
8.004184065142368354e+00
8.004235950706025449e+00
8.002216949478203389e+00
7.996451470066667788e+00
7.993276946279337380e+00
8.005860255495672817e+00
8.017500615298240874e+00
8.017932294452439379e+00
8.017018927924516092e+00
8.015074063143934779e+00
8.015575555135098895e+00
8.014797051391514771e+00
8.015983218946562516e+00
8.015768550978144447e+00
8.010433078672365426e+00
8.010843922858301269e+00
8.009787766585105828e+00
8.009769323744221126e+00
8.009541885432188479e+00
8.009530483073564966e+00
8.009999429062590437e+00
8.009447761493346363e+00
8.009798575927115749e+00
8.009138441382042117e+00
8.008812519300100519e+00
8.008568960115255209e+00
8.008652409495269353e+00
8.008194798893821797e+00
8.009082575014252470e+00
8.008784413459343554e+00
8.010529209140621276e+00
8.010224249300936350e+00
8.009857991698746460e+00
8.010145291633939735e+00
8.010165435468911355e+00
8.010125712452470736e+00
8.010374513135504415e+00
8.010188829578879677e+00
8.010774251652126310e+00
8.011558659738225785e+00
8.010940619952100050e+00
8.010603676129903761e+00
8.009624995178699081e+00
8.009544891191731963e+00
8.009676918231342313e+00
8.008831720846634639e+00
8.008462337634050243e+00
8.008411517452080020e+00
8.008124269357445257e+00
8.009284956161250690e+00
8.009345928760092548e+00
8.009437912239166124e+00
8.009045864648223656e+00
8.009054317883963492e+00
8.009475337106499282e+00
8.008501500002957130e+00
8.012386940877314956e+00
8.012437745572590586e+00
8.012660428840863602e+00
8.012658700691494218e+00
8.012191062462097335e+00
8.011510951905503219e+00
8.011029226156097138e+00
8.011742526768005135e+00
8.010762636370886369e+00
8.010987445048806777e+00
8.010250823092547989e+00
8.009803936811069391e+00
8.011433139155757388e+00
8.012703239605974304e+00
8.010942826630198965e+00
8.011255965341161911e+00
8.011801465012251100e+00
8.011763376031092676e+00
8.011218361810337640e+00
8.010837482426898859e+00
8.011388130035081545e+00
8.011216794577238787e+00
8.010870773819823043e+00
8.010601571117032194e+00
8.010974073209077062e+00
8.011205608146292789e+00
8.011276347332863423e+00
8.010764407989682923e+00
8.013160231441936787e+00
8.012251206345256449e+00
8.013650807931570696e+00
8.013361416840410811e+00
8.012467609433908677e+00
8.013368417455930981e+00
8.011662937010704866e+00
8.011161536262122240e+00
8.011120009174419465e+00
8.010649226384067845e+00
8.010252663765569991e+00
8.011143457620518049e+00
8.011008862647504003e+00
8.009972677788825379e+00
8.009536988352074616e+00
8.010049479220777258e+00
8.010296237560144306e+00
8.013163593242744298e+00
8.011608283236583361e+00
8.012754358554921907e+00
8.012269637445193382e+00
8.012512344505349660e+00
8.011275094758259385e+00
8.012432171072990883e+00
8.012119427519378334e+00
8.011952194090847357e+00
8.010568062700352598e+00
8.009977643076148013e+00
8.010395519090295124e+00
8.010452835138918815e+00
8.011049200305027540e+00
8.010568903625657100e+00
8.010189337005840571e+00
8.010039952780966033e+00
8.009714459603898717e+00
8.010692496326422329e+00
8.010307194027511457e+00
8.010071931320588590e+00
8.009829524191587780e+00
8.009373569273845916e+00
8.009355219677177118e+00
8.008513851647611759e+00
8.008116164533882753e+00
8.007583341782108732e+00
8.007837875665094529e+00
8.007567437093037199e+00
8.007192397838075237e+00
8.006927059801048685e+00
8.006282621192038818e+00
8.006255088475453974e+00
8.005943107035848882e+00
8.007411838107721280e+00
8.006755040644410570e+00
8.006558294718903568e+00
8.006236657364938836e+00
8.006711734592249385e+00
8.006265230306008007e+00
8.005813149173592436e+00
8.006148453949133881e+00
8.006150976594049951e+00
8.005212981477304979e+00
8.006350226133744030e+00
8.006946640169864793e+00
8.007076446082617593e+00
8.007392806745860625e+00
8.007163302109670866e+00
8.007349217380882678e+00
8.007161105143307367e+00
8.007628974077460882e+00
8.009395865869342046e+00
8.008434035223102043e+00
8.007991019746365069e+00
8.007329281127670839e+00
8.007189970114943378e+00
8.006969142851328769e+00
8.007695488529495975e+00
8.007836061767475755e+00
8.007843303957521641e+00
8.007857588585903130e+00
8.007592186060202621e+00
8.006827864089142821e+00
8.006884586680811822e+00
8.006987831121023191e+00
8.006795959479370950e+00
8.006388566282911512e+00
8.006352461381858632e+00
8.006640365532518899e+00
8.006304446004858022e+00
8.006451094540798508e+00
8.006228501435636247e+00
8.005971652290163831e+00
8.006566338494323531e+00
8.006329626758484252e+00
8.007352849059421018e+00
8.008278518832584680e+00
8.007823072125944464e+00
8.008284734881147671e+00
8.008427636933021176e+00
8.008135091631917390e+00
8.008012408312232822e+00
8.007533254408070178e+00
8.006835337730095148e+00
8.006884354504730794e+00
8.006882026199699354e+00
8.006585573630053076e+00
8.006631012218544896e+00
8.005936051676362908e+00
8.006023044003210742e+00
8.005428402487522632e+00
8.005220865240978867e+00
8.005051776311226774e+00
8.004694111997013195e+00
8.005345029718005989e+00
8.004675499736116251e+00
8.004496456914935720e+00
8.004504267028103470e+00
8.004247305290700609e+00
8.004123947917666015e+00
8.003915026477962158e+00
8.004421497883445369e+00
8.004156732594736923e+00
8.004501058165226723e+00
8.004630929041821830e+00
8.003942442307915073e+00
8.003557524494986808e+00
8.004055111917010024e+00
8.003779522365260135e+00
8.003824109293567801e+00
8.003569867170398311e+00
8.003423229773401815e+00
8.003572714281842693e+00
8.003404948463520796e+00
8.002840872924380733e+00
8.004139992591346342e+00
8.003884025332615337e+00
8.003764367405642233e+00
8.003354156998902624e+00
8.003541498049541403e+00
8.003339457632872467e+00
8.003394702566851038e+00
8.003385485979171321e+00
8.004056090370980314e+00
8.003927574203798301e+00
8.003757639176271255e+00
8.004224273713232307e+00
8.003981537726103213e+00
8.003692655574834447e+00
8.003924887489029416e+00
8.003885685411141537e+00
8.003511687230798088e+00
8.003414157238736948e+00
8.003411502856097925e+00
8.003335116820283091e+00
8.002709796731830139e+00
8.002860098624502427e+00
8.003948944814158750e+00
8.004908361749903278e+00
8.004114999265247832e+00
8.004182847608134921e+00
8.003718202444643381e+00
8.003395836421100640e+00
8.003270620490372522e+00
8.003086141259464270e+00
8.002977868522091143e+00
8.003176335173273870e+00
8.003389866640949535e+00
8.003069108957980404e+00
8.002602463288624790e+00
8.002378918682779840e+00
8.002419431101520431e+00
8.002478354358771639e+00
8.002447995395678859e+00
8.002607180240021378e+00
8.002591714614032625e+00
8.001818929994611196e+00
8.001589436824749768e+00
8.001325737237458213e+00
8.001118706699765326e+00
8.000886304782191871e+00
8.001163509102177329e+00
8.001000084615633057e+00
8.001861369132607038e+00
8.001678810761729821e+00
8.001989734876350013e+00
8.001956058822921491e+00
8.001579698575072896e+00
8.001211589003046853e+00
8.001644564277325955e+00
8.001545543723098675e+00
8.001624404697256665e+00
8.002160279635193163e+00
8.002185711102695720e+00
8.002331829429591536e+00
8.002522883682958721e+00
8.002693767622165666e+00
8.002650993974679494e+00
8.002832196996978453e+00
8.002331790671638245e+00
8.002442567457940470e+00
8.002395660153263535e+00
8.002280502138397367e+00
8.002417039213129968e+00
8.003335726640312231e+00
8.003254412166510789e+00
8.002876239936226099e+00
8.002356297291729703e+00
8.002976062815163161e+00
8.002785615101153383e+00
8.002923613089324206e+00
8.002677197527098940e+00
8.002347258036994759e+00
8.004011447807522828e+00
8.004828779984041631e+00
8.006166041144163970e+00
8.007677302508472650e+00
8.006076300702501314e+00
8.007176965466371144e+00
8.009408472775422894e+00
8.008442598872600016e+00
8.009393430961186056e+00
8.002058386432784332e+00
8.002165246364878470e+00
8.002586524871391660e+00
8.002532933804529236e+00
8.002732487179173404e+00
8.002346263540186300e+00
8.002529542308467470e+00
8.003417381165663258e+00
8.004278536113279330e+00
8.004307604331369674e+00
8.004968938083919738e+00
8.005635251100464700e+00
8.005016439261618544e+00
8.004950591399669690e+00
8.005187885312475160e+00
8.005253942773522979e+00
8.004578352476960035e+00
8.004643131895319286e+00
8.005095448154849080e+00
8.004547123131056097e+00
8.003978104685788963e+00
8.003873545352782060e+00
8.004426137840395583e+00
8.004590359126728671e+00
8.004872558800315119e+00
8.004868638375874923e+00
8.005023987526776352e+00
8.004753118165867320e+00
8.004976594459927597e+00
8.004218542978518869e+00
8.004720832908057915e+00
8.004882652679391697e+00
8.004904869496847652e+00
8.004293512257268262e+00
8.003809669399345239e+00
8.004469666507846526e+00
8.004182035818807606e+00
8.004340877422150058e+00
8.004614916494777077e+00
8.004918205440441525e+00
8.004758691605935894e+00
8.004791971686364249e+00
8.004833993773626588e+00
8.004653774361621288e+00
8.004720894983298862e+00
8.004503500303210117e+00
8.004833178941096250e+00
8.005094228059077111e+00
8.005754839933722167e+00
8.005766257789222351e+00
8.006020359824679744e+00
8.005690601805653728e+00
8.005992531560778502e+00
8.006338363366692690e+00
8.006903525962091095e+00
8.006831866916677143e+00
8.006664484342344679e+00
8.007315970572458141e+00
8.008270078822409488e+00
8.007860314005164071e+00
8.008050729759148112e+00
8.007835933540549789e+00
8.007281675997942827e+00
8.007440608643710434e+00
8.008669546413953455e+00
8.008407384781317973e+00
8.007736510637567307e+00
8.007759531853363200e+00
8.008090842461170311e+00
8.007433812484798352e+00
8.007596479941192058e+00
8.007738456556131368e+00
8.007999676998398542e+00
8.007718704408079091e+00
8.007893655703345104e+00
8.007811969026924714e+00
8.007885914154790896e+00
8.007404624494277812e+00
8.007350099569860546e+00
8.007428219709032291e+00
8.007061837489684919e+00
8.005233415794272389e+00
8.011618551017830825e+00
8.009073450058345145e+00
8.026517426400681998e+00
8.027145077630091663e+00
8.026998334616369135e+00
8.026249001485647128e+00
8.026295162006070072e+00
8.025866805004447713e+00
8.025713932462723577e+00
8.025861154771654071e+00
8.025743585911328637e+00
8.026028650688020960e+00
8.026188984668706894e+00
8.026091501497576886e+00
8.026194282938313052e+00
8.026351823004098662e+00
8.026272162395557075e+00
8.026712124301900175e+00
8.026789800345795811e+00
8.027746288410060771e+00
8.028604945415757754e+00
8.028648225835752328e+00
8.028572028094938418e+00
8.029288707292224103e+00
8.029984404210766868e+00
8.029929745432196952e+00
8.028956124449322829e+00
8.029290648621724813e+00
8.029495124771607095e+00
8.029096306016182183e+00
8.028544464153394955e+00
8.027718758794527787e+00
8.027409529880399575e+00
8.027210363059811726e+00
8.028018345788890286e+00
8.028214244758594020e+00
8.028617214751340825e+00
8.028894204873900264e+00
8.029276737568192601e+00
8.029305990014812267e+00
8.027147563094517935e+00
8.027502560583485547e+00
8.027933633464686025e+00
8.028288036212195777e+00
8.027923526799829901e+00
8.029135419387554151e+00
8.028755017688268936e+00
8.028299118295867842e+00
8.028599584518239851e+00
8.027979076164989181e+00
8.027923942173734062e+00
8.028436516236510556e+00
8.028811664181890961e+00
8.029061604552028442e+00
8.028815713917616392e+00
8.028715718999967166e+00
8.028474552244983187e+00
8.028605790806958353e+00
8.028867591164829065e+00
8.028531661666741925e+00
8.028974692403309632e+00
8.029186473807520485e+00
8.028473532138043822e+00
8.028673668482220194e+00
8.027924752476581105e+00
8.027161016100150093e+00
8.026811013746499412e+00
8.026840949146423654e+00
8.026957039273066030e+00
8.026830689069129221e+00
8.026666730034731856e+00
8.026474822554803268e+00
8.026501528739325764e+00
8.025664557903319007e+00
8.026001840451431946e+00
8.026263698659716894e+00
8.026431121930492907e+00
8.026022599932792545e+00
8.025537038376278076e+00
8.025919707171878414e+00
8.025698468216834414e+00
8.025454659700381299e+00
8.025878339937115413e+00
8.026093184403062963e+00
8.026192098450769308e+00
8.025890777768104556e+00
8.025275281032932639e+00
8.024999193463404623e+00
8.025297815310924676e+00
8.025230988911831176e+00
8.025179864949901543e+00
8.025233435198023457e+00
8.025310745581476723e+00
8.025188628921592127e+00
8.025627373607305159e+00
8.024490552528176224e+00
8.024712210725720496e+00
8.024791016480618211e+00
8.024810057096829041e+00
8.024689563928683711e+00
8.025027420990188176e+00
8.024914404838417781e+00
8.024262873286186704e+00
8.024346100338680898e+00
8.024337380360380578e+00
8.024373029964376514e+00
8.024513084923986739e+00
8.024234194325138958e+00
8.024816375871559160e+00
8.025417467528367155e+00
8.025012533757928779e+00
8.024565486818719506e+00
8.024712335366311677e+00
8.024540292996313440e+00
8.024268395156882505e+00
8.023671250712038017e+00
8.024319717699164300e+00
8.023810124141355971e+00
8.023920699282061975e+00
8.024360131308998945e+00
8.024048373945326773e+00
8.024522519028501222e+00
8.024584830447176742e+00
8.024393708306014616e+00
8.024445427982312751e+00
8.024117792796568338e+00
8.024190200652183691e+00
8.024079625294032070e+00
8.023762096586782633e+00
8.024198099402726214e+00
8.023860682337627281e+00
8.023874035497755131e+00
8.024352624111234178e+00
8.024632745316397475e+00
8.025074875538656727e+00
8.024892964961045649e+00
8.025220031975898394e+00
8.025253990548158356e+00
8.024759292151145473e+00
8.024984646402426591e+00
8.023838477160120775e+00
8.023010513445127501e+00
8.023001390102487917e+00
8.022571646342990803e+00
8.022201134034794734e+00
8.021857324955451674e+00
8.021737431863025236e+00
8.021770221909083176e+00
8.022185090290241405e+00
8.022494567566175405e+00
8.022364085907101483e+00
8.021863057032279087e+00
8.021777323783711111e+00
8.022032554901327828e+00
8.022044191676974023e+00
8.022057321101911498e+00
8.023536879704927571e+00
8.024085753115620889e+00
8.024233287539404458e+00
8.024225003010975854e+00
8.024470706007811316e+00
8.024713467259230626e+00
8.024829816993772624e+00
8.025145620243041122e+00
8.025309455659147773e+00
8.025648273236853925e+00
8.025364576395727312e+00
8.024906799885316744e+00
8.024789528516633297e+00
8.024756064295075930e+00
8.024646047076025468e+00
8.024337609591547960e+00
8.024234887718002085e+00
8.024008919945678997e+00
8.023774631350905295e+00
8.023495354536724022e+00
8.023388171383849965e+00
8.023347575777380669e+00
8.023718507639626907e+00
8.023867508010074090e+00
8.023836451152577709e+00
8.022604578924720897e+00
8.023770300206725992e+00
8.023529264867454103e+00
8.023576375528044480e+00
8.023454004637059711e+00
8.023190482720270467e+00
8.022861584792472911e+00
8.023127256057605905e+00
8.023521897639186662e+00
8.023906171953477440e+00
8.023629001628517443e+00
8.023621018278127792e+00
8.023453464730630813e+00
8.023445904285754438e+00
8.023633402854505547e+00
8.023135187959107739e+00
8.022981495887956171e+00
8.023014877371572595e+00
8.023566741546526160e+00
8.023385555875385933e+00
8.023488177513701913e+00
8.023982906293262829e+00
8.023640424300282348e+00
8.023948282253401842e+00
8.023932637094009834e+00
8.023786811033399857e+00
8.023923790194603001e+00
8.024038676587872843e+00
8.024509244676330866e+00
8.024696148904169490e+00
8.024299159620763788e+00
8.024815947475170574e+00
8.024667813421823226e+00
8.025292181049110241e+00
8.024752409687215149e+00
8.024859933376157883e+00
8.024752388037704520e+00
8.025023212039993581e+00
8.025184065249989729e+00
8.025500080275911330e+00
8.026363626403405505e+00
8.024953079775183795e+00
8.025108949096667388e+00
8.025551625781833565e+00
8.025533332432759792e+00
8.025282461655566024e+00
8.025895519724599581e+00
8.026057168897555272e+00
8.025965846237221868e+00
8.026043407624085191e+00
8.026841542721642853e+00
8.026552828394816430e+00
8.026044564667735415e+00
8.025961324630053184e+00
8.025556332940620763e+00
8.026242141184249945e+00
8.026383497831346858e+00
8.026365938585730220e+00
8.026653333327544715e+00
8.026892829403088570e+00
8.026823366701815843e+00
8.026971110898356798e+00
8.026818586982109593e+00
8.026302907890100258e+00
8.026052155565352564e+00
8.025999060058463641e+00
8.026210292222195619e+00
8.026097704119798948e+00
8.025894154092664934e+00
8.026339174105117991e+00
8.026519571544341147e+00
8.026709932800606850e+00
8.025825959740004123e+00
8.025429393646513532e+00
8.025285542045958564e+00
8.025230504957320932e+00
8.025640318689337249e+00
8.025675767630072954e+00
8.025622614165696334e+00
8.025943410274829048e+00
8.026067680864345633e+00
8.026311703212975601e+00
8.026483108850307246e+00
8.026073564575305852e+00
8.026062066057678024e+00
8.026446846257034196e+00
8.026259899689545563e+00
8.026235247756694946e+00
8.025681763281077963e+00
8.025531498650900986e+00
8.025655877742735811e+00
8.025645405663833998e+00
8.025191799533045511e+00
8.024984438645002882e+00
8.025003400409261189e+00
8.024709647944856528e+00
8.024617880008364068e+00
8.024921826164833405e+00
8.025710009203526951e+00
8.026462360536525509e+00
8.025925696089075245e+00
8.025879921484543544e+00
8.025699855872845845e+00
8.025433388844614768e+00
8.025411344438939665e+00
8.025659712908991494e+00
8.025171435878485582e+00
8.024913640708563278e+00
8.024811108757035072e+00
8.025078822900757913e+00
8.025566282550075314e+00
8.025168265454849958e+00
8.025493430158046948e+00
8.024526373984372185e+00
8.024230122726269343e+00
8.024270534532897514e+00
8.024653790898632622e+00
8.025156163067039827e+00
8.025269339440436411e+00
8.025076734244381171e+00
8.025003969250098734e+00
8.025455678046276020e+00
8.024682399365227425e+00
8.024769735581523733e+00
8.024915850969579267e+00
8.025260675671308519e+00
8.025420021440366369e+00
8.025574350530460421e+00
8.025238033571797658e+00
8.025176792009116156e+00
8.024832706266828097e+00
8.024741960949235420e+00
8.024623722656464508e+00
8.024733645553487449e+00
8.025134320373101815e+00
8.024905692138082358e+00
8.025140529870391504e+00
8.025038485567730362e+00
8.024827235666339931e+00
8.024792906561634354e+00
8.025048678644395750e+00
8.024344201156134559e+00
8.024195761288384077e+00
8.024171153684035218e+00
8.024103142941624967e+00
8.024084477002704219e+00
8.024078070702669763e+00
8.024189458161487210e+00
8.023913711123878301e+00
8.023979179718482513e+00
8.024353781166620792e+00
8.024989864206046875e+00
8.025001023814894552e+00
8.025216560554460088e+00
8.025176031041354463e+00
8.025405264408790984e+00
8.025034497504920594e+00
8.025301877232234204e+00
8.023858572669542610e+00
8.023902991706052035e+00
8.023607329076687833e+00
8.023174078994667724e+00
8.022882415376441756e+00
8.023087789628119637e+00
8.022614203978603697e+00
8.022611261832938823e+00
8.022336134470812397e+00
8.022543467617438750e+00
8.022195221109093666e+00
8.021915059528506475e+00
8.021836560304050678e+00
8.021378857656278782e+00
8.021654929338019713e+00
8.022074736798437300e+00
8.022155582135846785e+00
8.022172246797516948e+00
8.021808107582748093e+00
8.021652227561130388e+00
8.021686374467201119e+00
8.021877240130095288e+00
8.021995304855218833e+00
8.021801375147322943e+00
8.021868709866982528e+00
8.021990682384803506e+00
8.022213899154181149e+00
8.022192475736092732e+00
8.022470105205192326e+00
8.022291217390865370e+00
8.022606844628951350e+00
8.022048923431340128e+00
8.021163196973532195e+00
8.021277386963058476e+00
8.011721864570869656e+00
8.011113040929384255e+00
8.011370042272071501e+00
8.011342794604171758e+00
8.011344374189729223e+00
8.010787738142642667e+00
8.010633406095168496e+00
8.010971802796561292e+00
8.010482778829109307e+00
8.010387175453542952e+00
8.009959336410251041e+00
8.009544307174962796e+00
8.009598140918964049e+00
8.009824722245150852e+00
8.009516270394222204e+00
8.009018800808384242e+00
8.008928870756470531e+00
8.009074523326001227e+00
8.009190605751694392e+00
8.009347986944122866e+00
8.009253266560227402e+00
8.009212773408762587e+00
8.009300094593987396e+00
8.008945500997706191e+00
8.008715661579749678e+00
8.008566330713573933e+00
8.008666841860929253e+00
8.008751270839635339e+00
8.008752232498805412e+00
8.008729349733757275e+00
8.008483064720746114e+00
8.007633553950082472e+00
8.007619333377427040e+00
8.007764066025027105e+00
8.007849576013377657e+00
8.007757976867431182e+00
8.004092130506498037e+00
8.016093010409685249e+00
8.006587204046246242e+00
8.002746729614733212e+00
8.022155951336154445e+00
8.022774142313927825e+00
8.022947671003693770e+00
8.023015711100729419e+00
8.022898581069320301e+00
8.022952803175924075e+00
8.022752735652259659e+00
8.022564526198642909e+00
8.022449170370553162e+00
8.022325140400020871e+00
8.022371742377908177e+00
8.022289958092468254e+00
8.022433788233398033e+00
8.022164432829168135e+00
8.022441746088562198e+00
8.022590499755118287e+00
8.022584324447045390e+00
8.022543561516179977e+00
8.022264482487862836e+00
8.022410089646216491e+00
8.022330719086477657e+00
8.022544126791521180e+00
8.022261344199565158e+00
8.022121174078186812e+00
8.021904092531086050e+00
8.021582480716494601e+00
8.021201451942111760e+00
8.021145372064660606e+00
8.021013806614895714e+00
8.021276387041025302e+00
8.021520211240835252e+00
8.021398067153448608e+00
8.021634374299416947e+00
8.021412858081788499e+00
8.021469511244053052e+00
8.021618206719187683e+00
8.021999772609126111e+00
8.022172033029557170e+00
8.022280768441875765e+00
8.022582644027190568e+00
8.022764872475942610e+00
8.022897597305874484e+00
8.022516295587116986e+00
8.022729527018439555e+00
8.022928069947369067e+00
8.022518097523795078e+00
8.022522198999418208e+00
8.022804911370416292e+00
8.022742311548327621e+00
8.022997085210576529e+00
8.022755934840455794e+00
8.022690104110944631e+00
8.022999206420148965e+00
8.022958210282400415e+00
8.023006470004920843e+00
8.022864297627174679e+00
8.022538693712412794e+00
8.022369663959398878e+00
8.022577337791965135e+00
8.022773050301513109e+00
8.022694318747669584e+00
8.022772448252828426e+00
8.022445092895839736e+00
8.022733516580979440e+00
8.022602490039790979e+00
8.022586839231948375e+00
8.022687946239669188e+00
8.022583517748133275e+00
8.022879766680633296e+00
8.022481746627242671e+00
8.022431509039359199e+00
8.022101423426949651e+00
8.022001333979821069e+00
8.021739809406987831e+00
8.021752343031302246e+00
8.022097515392534461e+00
8.022053025606407317e+00
8.022264306001424927e+00
8.021908091956658993e+00
8.022016553964270713e+00
8.022161815184084332e+00
8.022026243226211051e+00
8.021496222271188969e+00
8.021516929298261545e+00
8.021624070330430456e+00
8.021846545074810209e+00
8.022113825969434231e+00
8.022049120549743506e+00
8.021936048799704011e+00
8.021935611783133524e+00
8.022264062270325624e+00
8.022208985143508997e+00
8.022139670239816667e+00
8.022137155061834335e+00
8.022424528435749380e+00
8.022401597479536406e+00
8.022010263006023933e+00
8.022053428704678524e+00
8.021674334412660201e+00
8.021792102741720498e+00
8.021293318312949339e+00
8.021314809132466195e+00
8.021047891487254944e+00
8.020785869074124719e+00
8.020836452561265872e+00
8.020781248529400997e+00
8.020443878263529669e+00
8.020512513354251638e+00
8.020499832262077078e+00
8.020565465676119388e+00
8.020419408430791819e+00
8.020584944914242342e+00
8.020305137660120209e+00
8.020214670773190946e+00
8.020208962372841199e+00
8.020348222507088565e+00
8.019813972425957616e+00
8.020237512716379413e+00
8.020195201218035308e+00
8.020558899283384946e+00
8.020601692106684055e+00
8.020787070238450056e+00
8.020819234885372850e+00
8.020888902748907867e+00
8.020565801937417305e+00
8.020452628706710385e+00
8.020105573997952320e+00
8.020044161140853944e+00
8.019880972110861705e+00
8.020034427891449269e+00
8.020214574033435184e+00
8.020331088789539820e+00
8.020149479433671402e+00
8.020295109274293566e+00
8.020462731347944185e+00
8.020615304434072002e+00
8.020059421844178971e+00
8.020186535267992411e+00
8.020234051360272787e+00
8.020501938656982688e+00
8.020561581026075970e+00
8.020518817642361853e+00
8.020433917310251459e+00
8.020357380395912728e+00
8.020070080200225604e+00
8.020251288792660915e+00
8.020258677403518277e+00
8.020078267962819751e+00
8.020268698126923113e+00
8.020297416072811103e+00
8.020326029964182979e+00
8.020330411179218189e+00
8.020247882781653459e+00
8.019860533922290813e+00
8.019638913422333815e+00
8.019879963934236855e+00
8.019979926607154752e+00
8.019953760479989313e+00
8.020127122362701755e+00
8.019188030622267149e+00
8.019314583592553447e+00
8.019153827745286733e+00
8.019180549726311114e+00
8.018659074215756632e+00
8.018691107953108244e+00
8.018385063119165324e+00
8.018343093943242295e+00
8.018255139891202532e+00
8.018209453127408182e+00
8.018267087601170573e+00
8.018487975767417453e+00
8.018072383421911198e+00
8.017931715322202280e+00
8.018762009296294124e+00
8.018548016548271207e+00
8.018358904398271036e+00
8.018451099314383157e+00
8.018339809029889409e+00
8.017998170854342632e+00
8.018645052485004143e+00
8.018705677093233675e+00
8.018906268325075359e+00
8.019112811387303807e+00
8.019013933194683474e+00
8.018975555614845874e+00
8.018847432734592218e+00
8.018634072031566973e+00
8.018515404697247106e+00
8.018235987994174252e+00
8.017890732988909974e+00
8.018066908911647417e+00
8.017934840720801759e+00
8.018259958348426863e+00
8.018038646214536769e+00
8.018248568733975290e+00
8.018050058572883998e+00
8.018040955192551777e+00
8.018046120311968394e+00
8.017957511038588336e+00
8.017853941224096559e+00
8.018190946337306002e+00
8.019469651317489678e+00
8.017205787619532842e+00
8.016996854367580028e+00
8.017007412580101189e+00
8.017083837143447411e+00
8.017119861767024958e+00
8.017187591453113882e+00
8.017172499115485351e+00
8.017371326316323987e+00
8.017848280218915491e+00
8.017915742167689430e+00
8.017946113403271013e+00
8.017984421579306797e+00
8.018079602315342669e+00
8.018137547834490064e+00
8.017933505457335741e+00
8.018262831324754814e+00
8.017859186485585710e+00
8.017809466690465570e+00
8.017862719228386226e+00
8.017850833209958950e+00
8.017788572516748147e+00
8.018022493960057062e+00
8.017865700070563761e+00
8.018072530837327960e+00
8.018147672858980002e+00
8.017926905046179442e+00
8.018054257606646473e+00
8.017807136530279877e+00
8.018077214063414004e+00
8.018010746584987913e+00
8.017611032491041456e+00
8.017364435730559791e+00
8.017322251914515974e+00
8.017343325641020257e+00
8.017445884288743940e+00
8.017303404015613921e+00
8.017180253713398486e+00
8.017083439037088866e+00
8.016957541751041916e+00
8.016828819126969208e+00
8.016771189350597737e+00
8.016742979146149750e+00
8.016789407421105906e+00
8.016715680455932969e+00
8.016830501836478717e+00
8.017129460268698438e+00
8.016952615844978425e+00
8.016945619331933059e+00
8.016980411443105581e+00
8.017070523299533846e+00
8.016845542377184941e+00
8.016571611123300301e+00
8.016657642728512556e+00
8.016425938622196767e+00
8.016413312225925125e+00
8.016630621057775130e+00
8.016816642224632972e+00
8.016748320274222905e+00
8.016672326890464717e+00
8.016776466357450559e+00
8.016838608697801405e+00
8.016831035155131957e+00
8.016413249887337500e+00
8.017356347537081263e+00
8.017370099817007656e+00
8.016999298629690074e+00
8.016937467399081640e+00
8.016807004267073822e+00
8.016777840621115203e+00
8.016832637170780984e+00
8.016808589781202699e+00
8.016872861583770771e+00
8.016984854833244967e+00
8.017019723596117586e+00
8.016817615571969924e+00
8.016792294792708162e+00
8.016676108884228213e+00
8.016715001368266869e+00
8.016618179228595764e+00
8.016707410510349519e+00
8.016634411953889483e+00
8.016908993088327051e+00
8.016714370654721478e+00
8.016599281519624753e+00
8.016702652672178075e+00
8.016586986820108507e+00
8.016586361553798668e+00
8.016634063316843140e+00
8.016469998800685559e+00
8.016420375117169428e+00
8.016379937562755131e+00
8.016385166241590809e+00
8.016633934821578933e+00
8.016015485708065214e+00
8.016006901855773137e+00
8.015922655257577745e+00
8.015718593280851678e+00
8.015755378464721304e+00
8.015934665230084022e+00
8.016028110503357951e+00
8.015915613214684043e+00
8.016113680452503942e+00
8.016166412351379833e+00
8.015958296496867419e+00
8.015899763702140746e+00
8.016034635862999025e+00
8.016145455711932044e+00
8.015945009235458940e+00
8.015985502340509328e+00
8.016039114419527323e+00
8.016301513920431887e+00
8.016367725265844513e+00
8.016286655473562561e+00
8.016293743195355148e+00
8.016653074406802304e+00
8.016593256399286105e+00
8.016559811576904337e+00
8.016569299138417648e+00
8.016703815347499429e+00
8.016780670678043563e+00
8.016798756503348500e+00
8.016990078764100858e+00
8.016790886077743039e+00
8.016717220965594137e+00
8.016454988175771845e+00
8.016342662313526546e+00
8.016205149714920708e+00
8.016285400113503101e+00
8.016267915215046003e+00
8.017634546322819133e+00
8.017388045899535243e+00
8.018297016832995894e+00
8.018900750943481981e+00
8.019355454058974431e+00
8.018829921051956688e+00
8.020317228521564701e+00
8.020597359287897632e+00
8.021765657346955791e+00
8.022233507604639158e+00
8.020988476914844512e+00
8.021964954904751366e+00
8.020747545384333321e+00
8.020996961915592749e+00
8.020688226832916712e+00
8.021397890569284428e+00
8.020871488057535359e+00
8.021317252170980794e+00
8.021868626955345860e+00
8.013435105186211160e+00
8.013525614037595446e+00
8.013376910381388996e+00
8.013367281561514233e+00
8.013220590870272275e+00
8.013280014905760140e+00
8.013356148822042613e+00
8.013463877352316800e+00
8.013353886899007961e+00
8.013306199322942192e+00
8.013215061629066938e+00
8.013210226779696299e+00
8.013322778370151056e+00
8.013363370163297361e+00
8.013665762978599005e+00
8.013621305595938438e+00
8.013456155611050846e+00
8.013537938361130486e+00
8.013620238006303964e+00
8.013758933918575522e+00
8.013710719539815841e+00
8.013504182162957790e+00
8.013572271057096685e+00
8.013518612353538018e+00
8.013543525926586142e+00
8.013612119021217950e+00
8.013802570887756715e+00
8.013803922605573504e+00
8.013863335050356085e+00
8.013901155002054466e+00
8.014313321126344647e+00
8.014241552197683305e+00
8.013920781227007240e+00
8.013946134195542470e+00
8.013724037983198656e+00
8.013674879575257037e+00
8.013633401221239794e+00
8.013663868647917354e+00
8.013574546869691062e+00
8.013610972596815429e+00
8.013671934982651734e+00
8.013634233128550832e+00
8.013648542432914468e+00
8.013625827968841264e+00
8.013683411226594444e+00
8.013721674841452369e+00
8.013346885827630217e+00
8.013226233073588389e+00
8.013104458809939601e+00
8.013104013459997788e+00
8.013646875438190875e+00
8.013558322092684705e+00
8.013658786033056813e+00
8.013628686166804016e+00
8.013685234853561212e+00
8.013940319568154891e+00
8.013954022641065933e+00
8.013878204635936697e+00
8.014288636444733882e+00
8.014286286037014762e+00
8.014488710613260736e+00
8.014527933606650834e+00
8.014597625425569305e+00
8.014561973699493080e+00
8.014473371212067931e+00
8.014416877959854801e+00
8.014573600512402862e+00
8.014549641054594886e+00
8.014478339828194464e+00
8.014394949782433386e+00
8.014535191104606326e+00
8.014486605138182895e+00
8.014531413178680452e+00
8.014444101402450116e+00
8.014437780583167026e+00
8.014624233501669082e+00
8.014499710273630839e+00
8.014474377334815713e+00
8.014227948839033999e+00
8.014352793122563767e+00
8.014210866166143532e+00
8.014124752309539801e+00
8.014203700428460309e+00
8.014448571727752935e+00
8.014437553584151885e+00
8.014634177591533515e+00
8.014794741539843059e+00
8.014801698563434940e+00
8.014949345634851952e+00
8.014869941333664372e+00
8.015062755695952390e+00
8.014755535390245100e+00
8.014841195224329695e+00
8.014452965704643717e+00
8.014404911300731627e+00
8.014312560327180535e+00
8.014222251200331826e+00
8.014176240917766592e+00
8.014180506970264517e+00
8.014212841429818823e+00
8.014311320085228729e+00
8.014164213522702696e+00
8.014175278886806808e+00
8.014021741148217970e+00
8.014052044108701978e+00
8.014001290144145528e+00
8.014105865088369640e+00
8.014039765088087464e+00
8.014038151834785850e+00
8.014004003601385762e+00
8.014051761628147474e+00
8.014073358540734660e+00
8.014074369816036381e+00
8.014470638619521026e+00
8.014104597113526296e+00
8.014223787139087563e+00
8.014139213238214765e+00
8.014100425159009333e+00
8.014074623075037707e+00
8.013974914372326452e+00
8.013892662861612948e+00
8.014122941722664706e+00
8.014224122966009389e+00
8.014131081568363513e+00
8.014088316670203938e+00
8.014288374179697527e+00
8.014268731263733514e+00
8.014426287761873269e+00
8.014537173984207286e+00
8.014820106073115014e+00
8.014817311128055621e+00
8.014794152847132480e+00
8.014810534466937142e+00
8.014886556534762008e+00
8.014753756085546854e+00
8.014901617287657487e+00
8.014939916422257227e+00
8.014943048675883475e+00
8.015179723007930690e+00
8.015088717894650827e+00
8.015081799769889770e+00
8.014887312862104096e+00
8.015091701761253518e+00
8.015047850230390125e+00
8.014969482990712990e+00
8.014810097581349879e+00
8.014819027838012033e+00
8.014846436163733046e+00
8.014760345205164782e+00
8.014694383144323808e+00
8.014632471322663321e+00
8.014435419592853549e+00
8.014612537836928396e+00
8.014970302818902326e+00
8.014789143831148266e+00
8.014778021670867503e+00
8.014389293430124184e+00
8.014296494937537929e+00
8.014288192814511547e+00
8.014098105616760392e+00
8.014066069746871079e+00
8.013983967128243791e+00
8.014031843232306329e+00
8.014018638498562552e+00
8.014115403533448756e+00
8.014243967869736807e+00
8.014255743492372019e+00
8.014110977941136582e+00
8.013599616087033084e+00
8.013458829961720653e+00
8.013371285124353705e+00
8.013352120674031909e+00
8.013360507978818603e+00
8.013250860227994821e+00
8.013468445850760347e+00
8.013446900119895133e+00
8.013467213293820279e+00
8.013429247717615667e+00
8.013525919079704352e+00
8.013377332442821910e+00
8.013319584659802430e+00
8.013447657832408311e+00
8.013453479601603036e+00
8.013457708775161947e+00
8.013465935185898559e+00
8.013371201879373018e+00
8.013697699187627421e+00
8.013599470513547374e+00
8.013533897818810203e+00
8.013341611984502677e+00
8.013383428442834244e+00
8.013577262197234319e+00
8.013527569166862818e+00
8.013455122903666350e+00
8.013451571049365896e+00
8.013401243273602148e+00
8.013496397004139737e+00
8.013609730688981969e+00
8.013577099882052579e+00
8.013528453437009702e+00
8.013617879851356207e+00
8.013670175032780563e+00
8.013398476474373311e+00
8.013338595926184027e+00
8.013282236752083065e+00
8.013436193848093581e+00
8.013339404341760286e+00
8.013265696651256320e+00
8.013159494763678836e+00
8.013279660537602211e+00
8.013196468272568040e+00
8.013200721935394455e+00
8.013281894543695216e+00
8.013119112287419910e+00
8.013126902297075915e+00
8.013054485717637121e+00
8.013153190428226935e+00
8.013107509286914620e+00
8.013219120705874943e+00
8.013222039498009153e+00
8.013214260538379818e+00
8.013163072895707728e+00
8.013099967954723013e+00
8.012887948295475127e+00
8.012834529151200869e+00
8.012847003337503438e+00
8.012984238573185536e+00
8.013010852389243155e+00
8.013023840976076784e+00
8.012922851903866217e+00
8.013071848808785091e+00
8.013360730912083341e+00
8.013252108052631328e+00
8.013045990026306242e+00
8.013197382705550709e+00
8.013112577497686573e+00
8.013204153419589915e+00
8.013201894960362281e+00
8.013253254812548576e+00
8.013247983147941511e+00
8.013277712655739293e+00
8.013192010886733385e+00
8.013415109896023125e+00
8.013344443461933864e+00
8.013195339550334140e+00
8.013185791307439132e+00
8.013247637049065730e+00
8.013279396302966262e+00
8.013145764036327279e+00
8.013103842546591693e+00
8.013094572590780729e+00
8.013158548868117848e+00
8.013085749379980527e+00
8.013310741479655164e+00
8.013342512655789562e+00
8.013167968164923494e+00
8.013156412427180797e+00
8.013115052906407243e+00
8.013046813486427666e+00
8.013098573373108380e+00
8.013001228516955621e+00
8.013094001280217427e+00
8.013030480069460282e+00
8.012998254875723703e+00
8.012916661492788251e+00
8.012903707085101246e+00
8.012807091139970694e+00
8.012783953363118883e+00
8.012717936951892383e+00
8.012616384744076115e+00
8.012670550820665483e+00
8.012753150749007958e+00
8.012790243700273152e+00
8.012945481293131778e+00
8.012754151425477644e+00
8.012755475709717246e+00
8.013091848840225850e+00
8.013280502291364016e+00
8.013251547272215447e+00
8.013402627273254808e+00
8.013264601558036659e+00
8.013335596341569556e+00
8.013406403611472939e+00
8.013373870236996765e+00
8.013578181372565723e+00
8.013783737776138949e+00
8.013848459578007066e+00
8.013645025147514644e+00
8.013571508628494655e+00
8.013537902100893007e+00
8.013595880948692241e+00
8.013522755304620659e+00
8.013393681749489517e+00
8.013365014609457049e+00
8.013393276354896955e+00
8.013396346781213708e+00
8.013337535660612687e+00
8.013303582702226535e+00
8.013241487770244476e+00
8.013284394912229658e+00
8.013423602974476978e+00
8.013427263884205232e+00
8.013441724121932452e+00
8.013363852344021154e+00
8.013362918653239575e+00
8.013381098441286099e+00
8.013582653163338065e+00
8.013461522810409576e+00
8.013479426111825177e+00
8.013482409871935275e+00
8.013456652696417493e+00
8.013343146720551147e+00
8.013305143424247490e+00
8.013234385120293624e+00
8.013307730374171101e+00
8.013364876634680556e+00
8.013331226239317928e+00
8.013385704675258125e+00
8.013268466725403272e+00
8.013176027247300937e+00
8.013175351938429003e+00
8.013570572068326570e+00
8.013646600897653016e+00
8.013759191610429156e+00
8.013753212121677905e+00
8.013792587355714758e+00
8.013934049723751230e+00
8.013976135179513349e+00
8.013970757032748082e+00
8.014171119707945934e+00
8.014014792762862882e+00
8.014148124409741669e+00
8.014050894882393195e+00
8.013987496672349664e+00
8.014292829353353298e+00
8.014140503315488218e+00
8.014089874261786761e+00
8.013933424077155365e+00
8.013594517376848358e+00
8.013611897628319269e+00
8.013587861338480778e+00
8.013601627251489390e+00
8.013647189589020670e+00
8.013507664083052262e+00
8.013553133405533657e+00
8.013369974999047685e+00
8.012260558218738282e+00
8.012343213486664339e+00
8.012450039180116335e+00
8.012290615522077886e+00
8.012322695434555442e+00
8.012152527059392071e+00
8.012217679009562943e+00
8.012271061214672585e+00
8.012268090689541822e+00
8.012135091738469939e+00
8.012043693926006682e+00
8.012108887443181615e+00
8.011901919479784695e+00
8.011868666303211484e+00
8.011771657994394502e+00
8.011975048541927436e+00
8.011933782725385811e+00
8.012003780474509895e+00
8.012005892541004926e+00
8.012080879784978293e+00
8.011950463105328879e+00
8.012123989734263318e+00
8.012133331254634783e+00
8.012123413187156373e+00
8.012136889546464857e+00
8.012049991337882204e+00
8.012039670408524827e+00
8.012034533277253345e+00
8.012088183149776555e+00
8.011967427105572526e+00
8.011890310114075930e+00
8.012012225753512240e+00
8.011905387279101731e+00
8.012066678136310571e+00
8.011960660436209025e+00
8.011938954071260000e+00
8.011901936916910216e+00
8.012019467894795355e+00
8.012106269651024348e+00
8.012046077107982001e+00
8.012079974978988162e+00
8.012156609854685030e+00
8.012182505162684265e+00
8.012230867697457626e+00
8.012323257295056678e+00
8.012375409372458179e+00
8.012412114288416376e+00
8.012423403671652622e+00
8.012360883534375589e+00
8.012321426021252080e+00
8.012644500987109453e+00
8.012612311170551394e+00
8.012440629751079513e+00
8.012375661506318636e+00
8.012430387217101213e+00
8.012281856290190518e+00
8.012394386121631129e+00
8.012491807929528420e+00
8.012361723213949460e+00
8.012390827482596123e+00
8.012232332625041309e+00
8.012243509092151328e+00
8.012419680895975560e+00
8.012449624638739110e+00
8.012372822257919580e+00
8.012341200438189759e+00
8.012507339482263902e+00
8.012604864378250369e+00
8.012552928714296030e+00
8.012428472118958922e+00
8.012479726229564392e+00
8.012443860992080502e+00
8.012578143167633726e+00
8.012645550577948583e+00
8.012535178111042100e+00
8.012738159134086047e+00
8.012893049652287658e+00
8.012935081603810517e+00
8.013025805474462970e+00
8.013072349181696197e+00
8.013094264082440077e+00
8.013297840786089310e+00
8.013303351348181280e+00
8.013223346822961446e+00
8.013164110249407557e+00
8.013189693248129686e+00
8.013152027005052247e+00
8.012896951274960600e+00
8.012745118321710436e+00
8.012637560851004537e+00
8.012845255700190350e+00
8.012776266848710804e+00
8.012710948845985115e+00
8.012625967494159340e+00
8.012531779703499168e+00
8.012594436943940579e+00
8.012534299997618348e+00
8.012282305546158057e+00
8.012145794271230415e+00
8.012164907190307161e+00
8.012169713707121943e+00
8.012213205378966308e+00
8.012493922383569611e+00
8.012558957661415349e+00
8.012624321069651501e+00
8.012601207769428413e+00
8.012558321169597875e+00
8.012551006416231303e+00
8.012658339825238230e+00
8.012812019826068166e+00
8.012765638252290046e+00
8.012807216779401998e+00
8.012737336416812184e+00
8.012758685555006366e+00
8.012755762977565865e+00
8.012794868399510051e+00
8.012844884427860137e+00
8.013054722072775249e+00
8.012886577518575137e+00
8.012896214633023817e+00
8.012939269245709539e+00
8.012776299641608091e+00
8.012806968276791508e+00
8.012853525974669822e+00
8.012949176453636468e+00
8.012913313060476383e+00
8.012906414015661838e+00
8.012982686981963809e+00
8.012965863532294009e+00
8.012850980313904969e+00
8.012899203552736438e+00
8.012945986499403261e+00
8.013278749498452314e+00
8.013219103183377712e+00
8.013207680504271124e+00
8.013300136615800540e+00
8.013422515892937525e+00
8.013230124167193935e+00
8.012949392884722855e+00
8.013070664745844951e+00
8.013029835268847378e+00
8.013033601446576171e+00
8.012990029326683583e+00
8.013057850183281872e+00
8.013011424541815586e+00
8.012886306437813744e+00
8.012943165795283207e+00
8.012868949286891862e+00
8.012826382880563258e+00
8.012888053333448113e+00
8.013042758027129508e+00
8.013295588156651661e+00
8.013240907030583671e+00
8.013400982689651286e+00
8.013472871294570865e+00
8.013523088010593654e+00
8.013329030215849968e+00
8.013439543791001540e+00
8.013292005003942009e+00
8.013019868341247687e+00
8.013004540051065661e+00
8.012964720333652480e+00
8.012980305574352258e+00
8.012999890312176632e+00
8.012940018219742555e+00
8.012901001421317559e+00
8.012898834456589015e+00
8.012837088206953950e+00
8.012807139962561109e+00
8.012726159232107292e+00
8.012752427491635743e+00
8.012794356827216191e+00
8.012799241056484334e+00
8.012742981455840408e+00
8.012770263498341095e+00
8.012452197895608919e+00
8.012234166949248504e+00
8.012247489451047144e+00
8.012237081422870943e+00
8.012251058302220841e+00
8.012332223482179216e+00
8.012247984915854104e+00
8.011929402636548403e+00
8.011873082944795499e+00
8.012021108636877997e+00
8.012093154937026895e+00
8.012197357426439126e+00
8.012417520515162650e+00
8.012447721286088509e+00
8.012553697244101159e+00
8.012504275023164979e+00
8.012595430568090649e+00
8.012757120725222393e+00
8.012623333476536658e+00
8.012627672557368186e+00
8.012833288525497366e+00
8.012682243803915583e+00
8.012612380342044816e+00
8.012657354071636817e+00
8.012447568511781526e+00
8.012324789247836421e+00
8.012229447475270661e+00
8.012200040075263985e+00
8.011958415974874015e+00
8.011961083151918572e+00
8.011883228758179598e+00
8.011894371874170417e+00
8.011849160413456516e+00
8.011711856651038133e+00
8.011736615963961583e+00
8.011648390459347624e+00
8.011594702364051912e+00
8.011666446299553712e+00
8.011477655992715441e+00
8.011327702995297173e+00
8.011362214002794246e+00
8.011300262903766622e+00
8.011276607692542129e+00
8.011377638460579931e+00
8.011385317659486915e+00
8.011462609920441125e+00
8.011426350309633904e+00
8.011642247629549018e+00
8.011613236784551617e+00
8.011591544305533219e+00
8.011607951960449725e+00
8.011579451634226245e+00
8.011843956332628025e+00
8.011823592758187118e+00
8.011636320359494690e+00
8.011482925640583730e+00
8.011568556585006107e+00
8.011549889476690112e+00
8.011655960579872726e+00
8.011570900754584557e+00
8.011487014718735367e+00
8.011524458336843679e+00
8.011429947824559861e+00
8.011386797491038436e+00
8.011283684730729604e+00
8.011355313548513379e+00
8.011223564925037621e+00
8.011090463201746559e+00
8.011092923061561066e+00
8.011037685091348948e+00
8.011003470122290082e+00
8.010890577225808329e+00
8.010966314156741319e+00
8.010982629367653374e+00
8.010938878118754047e+00
8.010926245639677035e+00
8.010755860520013982e+00
8.010846324941036656e+00
8.010780285609412132e+00
8.010660025226801650e+00
8.010636641298287230e+00
8.010377371392543466e+00
8.010340729013121219e+00
8.010275449117115087e+00
8.010285584321913177e+00
8.010305472024533913e+00
8.010400070334775080e+00
8.010461396530590861e+00
8.010437202625436015e+00
8.010538282785525155e+00
8.010569954140823512e+00
8.010572793167533234e+00
8.010460482496617018e+00
8.010468429944999968e+00
8.010393952309724952e+00
8.010463180512168435e+00
8.010428434685328725e+00
8.010361182303123329e+00
8.010468553331113739e+00
8.010433408378029085e+00
8.010400858626086418e+00
8.010375200828752540e+00
8.010446902761419352e+00
8.010396274572363140e+00
8.010411035491298293e+00
8.010371226392251742e+00
8.010237801618915299e+00
8.010164696510479132e+00
8.010112851197696671e+00
8.010097606978355600e+00
8.010170354097006395e+00
8.010246779288461738e+00
8.010282060329110720e+00
8.010171609943657955e+00
8.010251601898740859e+00
8.010278292467642558e+00
8.010305531451459515e+00
8.010335500285441057e+00
8.010365551915931803e+00
8.010377062002021376e+00
8.010385540580635677e+00
8.010321987426175738e+00
8.010295412555695549e+00
8.010228355280473167e+00
8.010249218631335211e+00
8.010363889542617244e+00
8.010392130147641510e+00
8.010235834415343703e+00
8.010173041714585551e+00
8.010075645234172370e+00
8.010009918177347643e+00
8.010012984543921633e+00
8.009991103474114027e+00
8.009912397386376171e+00
8.009873279268099111e+00
8.009810066213274737e+00
8.009793687740643264e+00
8.009858210400206957e+00
8.009883405531869727e+00
8.009706682878237061e+00
8.009735516868490279e+00
8.009836482605138031e+00
8.009800976846001674e+00
8.009884622039017188e+00
8.009869349204361555e+00
8.009757407965977904e+00
8.009341680382412676e+00
8.009383818769554964e+00
8.009395315315879671e+00
8.009459782157156482e+00
8.009390132104703852e+00
8.009432234773196768e+00
8.009352132839774541e+00
8.009388350742110418e+00
8.009382999574324202e+00
8.009295997852895255e+00
8.009278246080695496e+00
8.009218304194334337e+00
8.009262446269998392e+00
8.009331902535068437e+00
8.009383471851858616e+00
8.009369703891330516e+00
8.009541322879293546e+00
8.009387407437440487e+00
8.009441079801625563e+00
8.009476678043380815e+00
8.009346634279001620e+00
8.009439698969439192e+00
8.009494551872935020e+00
8.009434599459709148e+00
8.009371732245549325e+00
8.009416135608123710e+00
8.009246156544719497e+00
8.009278825872804930e+00
8.009336875219629448e+00
8.009442085668434075e+00
8.009415143830658224e+00
8.009401561062132302e+00
8.009422283842681622e+00
8.009491552037225404e+00
8.009647580680944401e+00
8.009670234816367085e+00
8.009729526163647861e+00
8.009762136046099101e+00
8.009805759961881932e+00
8.009766006421495277e+00
8.009822680368209546e+00
8.009796530062079256e+00
8.009806298875354003e+00
8.009766222921525625e+00
8.009766781388639956e+00
8.009785218368179471e+00
8.009777608723023690e+00
8.009709808894532657e+00
8.009743401070890556e+00
8.009752141631338418e+00
8.009777480202343369e+00
8.009762930802379444e+00
8.009683124044904901e+00
8.009759629028193828e+00
8.009761996533301343e+00
8.009915786296538442e+00
8.009856317216492272e+00
8.009810105773770061e+00
8.009935321816634257e+00
8.009911525025486867e+00
8.009982433295329329e+00
8.010013246620230731e+00
8.009903608847643852e+00
8.009983151878373064e+00
8.009929588134507839e+00
8.009965995345316614e+00
8.009907287051150959e+00
8.009825116840936232e+00
8.009855595149119267e+00
8.009865127707115562e+00
8.009873363640652499e+00
8.009826091492016076e+00
8.009846644984310871e+00
8.009886757416587955e+00
8.009988521358096136e+00
8.009994091985003450e+00
8.010025988066200142e+00
8.009977158183525958e+00
8.009960610653704904e+00
8.009923455665740377e+00
8.009961224049742867e+00
8.009915731440667486e+00
8.009851353772960536e+00
8.009846856403321169e+00
8.009910057008710282e+00
8.009865521858213100e+00
8.009814103469738100e+00
8.009799592031463078e+00
8.009889082378053971e+00
8.009892447249425729e+00
8.009886673690457926e+00
8.009910876146555836e+00
8.010017792765385281e+00
8.010001441047386095e+00
8.009928907301368639e+00
8.010051886006060329e+00
8.009931261739753339e+00
8.009997212230418384e+00
8.010012077251058571e+00
8.010014459327045699e+00
8.009995505157567308e+00
8.009960278228355435e+00
8.009829449783969935e+00
8.009809369156318581e+00
8.009881295646332333e+00
8.009876149813885959e+00
8.009887310076948097e+00
8.009985203453705793e+00
8.010001849749862401e+00
8.010021699939359863e+00
8.009971680165248742e+00
8.010057252627712288e+00
8.010066306257488833e+00
8.010103313056811558e+00
8.010150810752051598e+00
8.010128697993311064e+00
8.010258006023819988e+00
8.010288745226871399e+00
8.010248212258735734e+00
8.010134039430345965e+00
8.010149284218600840e+00
8.010115644286651460e+00
8.010125119070083954e+00
8.009986848131815051e+00
8.010033818441714359e+00
8.010017182637128030e+00
8.010030641293518272e+00
8.009988178241806978e+00
8.009971505400553582e+00
8.010001143429148485e+00
8.010031023556912544e+00
8.010141954163252365e+00
8.010122528184105306e+00
8.010159838892157325e+00
8.010166135119670017e+00
8.010240517031526508e+00
8.010211065020630627e+00
8.010182245205818674e+00
8.010157621109007309e+00
8.010206822626990686e+00
8.010224227333255342e+00
8.010201229703913128e+00
8.010266404689566855e+00
8.010397807046629737e+00
8.010309255442887633e+00
8.010149401290453497e+00
8.010075066410847100e+00
8.010057268257147811e+00
8.009940027625750858e+00
8.009912317630467626e+00
8.009782846040874205e+00
8.009821254484933206e+00
8.009816446238346543e+00
8.009875905289474574e+00
8.009820930269988537e+00
8.009839269421197727e+00
8.009894465331033331e+00
8.009850802133861691e+00
8.009911350148135156e+00
8.009970091854281549e+00
8.009897408686406095e+00
8.009850445787071394e+00
8.009847594662907966e+00
8.009782895370873845e+00
8.009894256229138421e+00
8.009864652103763305e+00
8.009819068253998253e+00
8.009872526275559679e+00
8.009912922038108007e+00
8.009957960173538893e+00
8.009909694536752056e+00
8.009915137358447623e+00
8.009919931786031455e+00
8.010004381316678135e+00
8.009878810070391708e+00
8.009983059567137076e+00
8.009739856909009248e+00
8.009698577866114277e+00
8.009636448206800097e+00
8.009679726546005796e+00
8.009661989208034072e+00
8.009621845675471974e+00
8.009695270528334632e+00
8.009727251507532841e+00
8.009686970500503378e+00
8.009794877952677083e+00
8.009738945121718245e+00
8.009739854559345673e+00
8.009745951452252655e+00
8.009752403276312549e+00
8.009601230335919198e+00
8.009509184240501511e+00
8.009521486566439918e+00
8.009476260950547655e+00
8.009485994745713100e+00
8.009420666069825501e+00
8.009432444100321291e+00
8.009373907264651038e+00
8.009362739599517056e+00
8.009410655177976679e+00
8.009306173930331951e+00
8.009305798782548891e+00
8.009240457812794034e+00
8.009383118148203806e+00
8.009367588526954407e+00
8.009264136512745935e+00
8.009314518607386191e+00
8.009362758542591720e+00
8.009283208211341432e+00
8.009335536876236006e+00
8.009352049244533589e+00
8.009489351304164728e+00
8.009552851930761719e+00
8.009591894515613930e+00
8.009445089332707823e+00
8.009400843462961106e+00
8.009352287707974583e+00
8.009286212871904453e+00
8.009366493549613608e+00
8.009346211510862901e+00
8.009447168275901419e+00
8.009370767801634372e+00
8.009278980459328068e+00
8.009216477954673508e+00
8.009303488878829924e+00
8.009358905501324344e+00
8.009273684398491966e+00
8.009147710788061758e+00
8.009171760007497198e+00
8.009133896415137954e+00
8.009088381660980360e+00
8.009113923514778577e+00
8.009108004424181360e+00
8.009151933438602100e+00
8.009099434850163846e+00
8.009153142417584803e+00
8.009255343664918314e+00
8.009253944681525184e+00
8.009256587846351749e+00
8.009152940675328125e+00
8.009021526012855219e+00
8.008990988355947138e+00
8.008823041759633554e+00
8.008861105671496006e+00
8.008859430052210016e+00
8.008866907386693157e+00
8.008885244529643899e+00
8.008881208893468440e+00
8.008931953010023364e+00
8.008951518395752700e+00
8.008961277716275973e+00
8.009022340883603874e+00
8.008977725670739289e+00
