[12.46222389 11.02149443  6.35667285 ... 14.40075902  1.54097582
  0.39064699][0.44972828 2.20625413 0.21841615 ... 5.07648767 0.11909136 0.23789053][ 0.04979944 12.06965489  3.57773589 ...  2.06896112  1.98290467
  2.03111831][ 0.20334699 21.08023963  1.98904593 ... 23.7302129  14.82191523
  7.33925282][0.20965623 8.01160968 1.18233473 ... 6.58988759 2.98253927 2.99229726][6.71344639 0.43869124 1.2625181  ... 3.90171134 4.22575453 0.73322423][ 0.73696425  2.84594393  0.10919585 ...  3.49112472 14.3984927
  5.42557254][0.10686073 0.75147891 1.37976037 ... 0.12564842 0.13567997 0.57635375][1.19938655 7.62666503 3.9979727  ... 2.17256942 4.43638522 2.29741894][ 2.31036531  5.47989091  5.32251367 ...  1.19662783 10.20531394
  5.18126935][20.50270112 42.52079961  4.5773232  ... 24.01881147 18.85857307
  2.2852422 ][ 6.3626742   1.75477368  0.66885931 ... 10.74752762  6.11808485
  2.44990086][2.31905596 8.65424606 2.99219199 ... 1.16935543 1.09626741 2.45806616][0.45903435 0.03235462 0.05770756 ... 1.47148461 1.23600622 0.97721005][ 2.65140803  0.83537032 12.88005246 ...  7.45050874  1.13990715
  2.24933696][19.07001276  2.76585532 26.41838037 ...  7.83265379 16.52505893
  0.81283218][ 1.79648686  7.98395192  2.95382433 ...  5.26809775 11.15039527
  7.60838673][ 7.15936718  0.37917668  0.02779229 ...  0.97412162  1.67499616
 12.68023235][1.49394695 1.10266381 2.54040177 ... 0.62241012 0.41490174 0.78924681][0.16854443 1.17495188 4.83368454 ... 2.84850972 0.4486566  0.25409204][ 0.64583013  2.1473519   3.79775882 ...  4.02886927 12.15797601
  9.98415882][0.54912163 0.17753309 1.14830816 ... 8.32261281 5.66376764 0.25415509][0.5073678  0.58878963 0.7261821  ... 1.36848634 0.35086616 1.72411827][0.19573136 2.84530388 7.03333037 ... 9.55336796 1.86778066 3.21530113][ 3.84037668  6.6533952   1.32823457 ... 13.3500807   4.13303449
  3.36240563][7.48983812 2.4389627  2.9049783  ... 8.08022544 5.71424241 0.48971537][ 7.25935509  5.36012755  3.90428662 ...  6.20193352 14.79184241
  3.83056791][16.21279748  7.13873354 17.32583039 ... 14.26633884  7.86313337
  3.56625389][ 1.78739583  4.59500594  3.4606295  ...  3.31509219 10.39993633
 11.20967306][3.67451409 2.01357238 2.63513063 ... 1.4766419  2.23347104 2.91135986][ 4.33159802  3.64138604  6.92326727 ... 18.02927288  2.7235774
 10.90020126][6.44971516 1.42229692 3.83500815 ... 8.02212573 8.39020188 2.20777592][ 7.9103162   4.87591066  8.48276388 ...  3.74237115  0.93015543
 23.12710247][ 0.66459748  1.95730127 10.2050854  ...  0.12923529  0.90268362
  0.71412053][20.22731377  3.9494717   2.49442416 ... 26.6528977   5.7342273
  3.83194832][1.73807981 0.4184883  0.61484928 ... 0.38237342 0.04956801 1.79112848][7.13974883 7.42816403 3.68653888 ... 4.23647809 9.68959007 7.04745634][ 3.27847912  3.69257276  0.49602422 ...  0.61199687  6.53856941
 10.02354445][12.92749049  1.20402035  6.18865755 ...  9.90034887  4.61561885
  1.99884531][0.44122821 0.96142468 0.62902021 ... 0.14608793 0.80473411 0.35753386][ 2.64994268  3.48719892 12.3596265  ...  7.77622906  2.14664673
  3.21755711][44.85223977  4.19694495 12.86671379 ...  3.41202295  7.48369402
  0.15950625][0.2363855  0.14727493 0.30358236 ... 3.34696833 0.20396287 2.64426336][0.0898596  3.79159259 1.64311416 ... 4.132452   3.17776445 2.31567966][ 5.88155806  8.99485119  3.20027477 ...  4.48976714  5.22454021
 13.7065052 ][5.99133333 0.25388901 0.94666444 ... 3.67012596 2.31636419 9.96430157][ 3.90889579  8.76596807  0.37204212 ... 13.36798554 14.72222767
  3.05645391][3.24381378 0.4641112  0.48397314 ... 3.16751205 2.70624964 6.11829533][0.95226203 0.95187584 0.27955925 ... 0.19263369 1.19093534 0.12317159][10.50328771  7.86378753  4.45013222 ... 13.54732297  0.24700154
  4.82071491][ 1.08682871  0.21098427 11.92187839 ... 36.98791373  2.14612616
  1.3886794 ][4.06050692 7.38056503 1.22809339 ... 0.09669538 1.9465333  3.3152268 ][ 5.71071064  8.67262463  1.96901877 ...  5.28215553  2.804364
 16.80908743][8.08098915 2.19216114 4.23365745 ... 0.46235761 3.4992996  2.56634256][ 0.1372383   0.09727612  5.85966994 ... 12.8881066   1.78155577
  2.09673343][ 3.0792891   6.58616898 17.12086812 ...  0.14088879  7.05858103
  0.90823839][3.20217947 0.18500948 3.34096809 ... 3.44503116 1.06118588 1.32683499][ 1.88701229  0.45752495  1.50971573 ... 23.16022763  2.71514731
 16.20723113][ 0.98244154 27.70734852  7.97306662 ...  3.79354098  0.47946414
  8.76565164][ 9.03033152  0.59647713  9.08214101 ...  4.13468083  7.02376891
 10.73316022][2.69168501 2.56668669 8.78630883 ... 2.59242268 8.78522222 5.85202526][24.60135414  0.48236504 10.25962771 ...  1.62032535  3.0201275
 18.12086241][ 1.35403651  6.66683529  6.54664066 ... 13.64198876 16.26791252
  2.43082686][11.3929138   5.97075703  3.10396176 ... 34.30609506 17.13688858
  2.94626825][1.6695727  1.09180686 1.15688357 ... 0.71049129 2.51144637 3.34691426][7.68972028e+00 1.30096842e+01 1.69543675e+01 ... 8.66736535e-01
 3.04648518e+00 2.45768044e-03][ 2.77781396  4.99794919 10.03069504 ...  0.80320672 20.38094982
  0.28229282][ 6.60254727  8.96530446 14.60225019 ...  0.49971935  3.32401147
  3.28823775][ 5.4349849   5.01178841  2.55212445 ...  1.02506392  4.14536879
 10.76173723][ 0.30689655  9.83119346  0.46344512 ... 13.33565444  8.26252833
  9.75234575][ 0.0963864   1.19199313  0.84146604 ... 12.12144072  4.0746992
  6.52184603][ 2.73813454  3.89156701  1.74687165 ... 24.15632481  6.90744537
  2.19027458][0.17849223 0.11945919 1.30341033 ... 0.11138985 0.88599101 0.6345841 ][1.07694448 4.62968163 0.52133376 ... 0.28838617 6.01410406 1.49006587][0.69063924 0.2630041  0.5355698  ... 0.70067498 0.0126975  1.91953694][ 0.10227815  1.82365878  3.25942894 ... 10.52735998  3.4934309
  0.58651879][0.78365685 0.45820826 0.96818171 ... 0.70809735 1.97566361 0.34900517][1.54509348 2.48486821 7.47208753 ... 6.22000741 3.97748641 9.76655246][19.91306085  6.5354923   0.99881055 ...  3.62495685 16.98586681
  9.85306835][0.01527307 0.6899886  0.62792188 ... 2.31404206 3.00869077 1.97581442][0.28773067 6.68255573 4.21834467 ... 0.48129503 2.85824124 0.04042162][ 6.05390581  2.83539296 18.71824065 ... 18.17138988  2.0653851
  0.67291945][ 2.57626598  2.40625689 21.30295887 ... 46.3256826  18.27047064
 34.13529703][ 1.33157939  0.94823259  2.04486113 ... 11.00841806  1.82718601
 17.78635647][ 0.3306115   3.57929226  2.28279676 ...  2.87300742  5.54879047
 18.21511504][1.07305386 3.05859135 0.0201803  ... 0.69821829 0.69212023 0.13363984][3.52197232 2.34584783 1.94441063 ... 0.45527669 0.50843974 1.046643  ][2.06399818 1.19312938 3.87585278 ... 7.36732471 1.24957715 2.75360871][6.08589144 3.38152563 1.21332169 ... 3.42506251 7.31474673 6.93533898][ 9.96906952  4.71090679  1.01243356 ...  5.20615291 12.02590725
  6.08834003][1.84010461 5.67604864 3.79803139 ... 0.54803608 1.3976316  1.98102702][3.87064023 7.60635214 4.78711478 ... 9.22309584 8.21806505 7.23371965][1.06544153 1.08015388 2.11621298 ... 0.55148191 2.2516396  1.16632327][3.11861613 4.46927026 5.63147424 ... 0.08998354 3.36054745 2.00205737][0.91962604 0.48639041 0.65486769 ... 3.29352656 1.19410058 3.18893083][ 7.75615509 19.05205294  4.07382617 ...  3.34796023  0.32653858
  9.27305603][6.30697195 0.84331379 0.2570683  ... 1.45969476 1.3090794  1.21722724][1.39887732 0.10758155 1.0962258  ... 0.75582477 0.55263124 0.14737691][ 0.98415235  4.10206875 12.20633595 ...  2.89593806  8.79274221
  1.04520234][3.18021153 6.47195554 0.60585489 ... 2.8888811  2.14882878 0.19446562][11.09089646 14.51594528  3.9557958  ... 11.92257833  5.00850125
  4.25791729][4.32698288 7.08787841 1.36308881 ... 0.05936724 1.43632924 0.74997574][16.71308268 22.89737591  3.93339464 ...  8.90820629  4.4835468
 25.97191441][ 9.46745269 18.45496699  1.10122325 ... 11.14991968  8.12889575
 15.26224612][2.64815551 6.70771502 8.2307097  ... 2.52992272 7.58185149 1.10626107][1.22675763 0.18879798 5.7711948  ... 2.75481325 0.14198226 1.70148651][ 1.1363559  22.15661268  1.27695474 ...  6.29261798  7.07903824
  9.46186184][ 1.83140562 10.32092663  2.56331208 ... 18.09377969  1.15805221
  6.17151563][ 1.2034185   3.54401031  7.44247587 ...  4.66333729 13.80339426
  0.5676289 ][0.34480767 0.69487397 1.29558409 ... 0.2644012  2.50147322 0.2557837 ][ 2.48626586  0.28482645  6.36775094 ...  2.68668741  4.46752836
 15.15027503][ 0.14760634  6.14523216  5.14630263 ... 17.29924692  3.31628285
 11.86288262][4.05669961 0.32307802 1.06562777 ... 0.34741748 0.81949772 1.20857149][ 7.7442125   1.52400937 10.23859911 ...  9.09937038  4.9969737
  5.11858393][2.99658029 8.50733075 1.44513746 ... 5.09827688 6.69305031 7.0943498 ][1.04286555 1.07988804 0.33856835 ... 0.66033194 1.94756272 0.26446565][ 3.72708095  5.44405966  2.90800766 ... 10.03880685  2.53020721
 11.63618434][6.21426506 0.87545223 8.67911475 ... 1.83959177 7.25310104 5.45328829][1.00741502 2.0768925  0.33470812 ... 0.18866116 1.49199107 2.4726505 ][1.8636506  0.41313108 2.46927703 ... 0.9716643  3.18452543 1.74489026][0.10108027 2.88996563 0.05258168 ... 0.42958491 0.72466971 1.35240244][5.47806985 7.28098014 0.56915132 ... 2.43604951 5.46811484 0.1385864 ][ 0.19021674  3.42830082  0.69962698 ...  0.07251351  8.95249415
 15.68775187][10.05500114  0.37956582  3.03140548 ...  1.08013554  0.06038747
  1.21041093][1.4004052  0.63134577 0.21525541 ... 0.42986177 0.47102312 1.56869263][ 1.41553375  2.08624087  1.58487725 ...  4.01226107  3.77613412
 11.46071644][4.79056888 1.73101596 0.10101729 ... 0.67182501 0.61697595 0.05849009][ 8.78612106  0.98819645  0.61528244 ...  3.82563997 13.00519067
  1.63170422][0.31790167 0.81588237 0.27037579 ... 3.38346738 1.65727223 3.10706035][11.78498067  2.16976389  0.68702583 ...  3.57093889 10.57247497
  2.87261707][17.22496523  4.25123401  3.92257926 ... 23.47916804  8.30751898
 14.79228461][1.09552518 0.18100398 1.78759858 ... 1.5167375  3.83828012 1.71509976][2.2364599  0.70545879 0.18141735 ... 0.27122942 0.06018269 1.24526659][ 0.53147311 12.75731518  1.02837953 ...  4.27943849  9.97981377
  2.02162767][ 1.27936507  3.31562906 20.27218666 ...  2.34891907  1.67267786
  7.19158126][ 2.50588824  0.10952094 15.5188689  ...  3.86851207  6.63425401
  1.02775374][2.06994483 1.74999163 2.91743009 ... 3.70841848 1.72183242 1.68005707][ 2.09614975  1.71654642  9.41583448 ... 26.28896882  1.08209996
 22.17611618][ 1.19648475  4.56868308  9.0116244  ... 13.8030858   0.94557539
  3.65858169][2.85887857 3.62991591 0.19353345 ... 5.83864058 6.11926046 1.43002069][0.64628614 0.48464932 0.15750852 ... 1.0402885  0.78648562 2.55969445][1.97168132 7.59049379 8.40844608 ... 0.88431397 2.91439912 1.57034856][12.18063454 16.21524038 21.28521383 ...  3.26600478  4.62278616
 15.16433878][0.41873252 0.40553818 1.1028962  ... 0.59333718 0.08334171 0.46622581][ 3.68816587  2.37399439  8.42691715 ... 10.70683659  1.2075388
  2.51816418][ 3.9105584   0.42055949  0.86384964 ... 12.70931249  0.7140722
  1.77029129][0.83015351 0.9468907  2.53606066 ... 1.21128044 0.80310259 6.0236738 ][0.68651074 0.13539829 3.18647002 ... 3.58980115 0.42555971 3.40301616][ 3.0636592  10.50951911  0.89627827 ... 19.8811691  14.24828111
  0.78409596][ 4.12310138  0.25106907  9.38866553 ... 13.41638324  1.68538354
 21.01576716][0.07752109 2.0095005  2.83410665 ... 9.65240886 0.03540464 0.59093628][9.1774754  0.55264377 3.43191146 ... 1.18225584 4.29881201 5.15265834][2.26594207 9.23222189 1.97751848 ... 0.85512711 2.54171041 0.84338576][2.78458494e+00 1.38519815e+00 5.39933668e+00 ... 7.95826978e+00
 7.12998261e-03 7.99540303e-01][10.44605426  0.75937393  5.73680707 ...  1.04523748  7.12295691
  6.42034096][ 1.02163947 17.09139111  2.6477406  ...  0.95948696  4.19686363
  0.46150418][0.75771495 6.26784356 7.08124681 ... 6.6457948  2.07832668 7.12724289][ 3.2286526   0.53886563  9.1278776  ...  6.71120689  7.2824645
 12.08629708][1.71739229 1.0417595  1.03539562 ... 1.64448178 0.31929734 1.54046466][ 5.70554771  7.00207244  8.68422553 ... 13.01898592  0.62728703
  1.8014696 ][4.68164996 2.3363565  0.03264321 ... 1.74263228 5.37474213 3.50713895][1.27474129 2.20895805 0.35890086 ... 0.16022201 1.02434031 0.05765258][12.4623782  10.87524022 10.77037247 ...  7.03153419  0.17431494
 10.12306325][ 1.65895303  0.57681965 15.59361955 ...  0.18686082  1.67032728
  0.5448597 ][ 0.14516655 14.86249345  2.68510009 ...  5.77132351 12.16120438
  2.68023228][3.61591262 4.22794863 1.49919861 ... 0.0091452  0.75984066 1.88646454][4.34904673 0.59067528 0.48825243 ... 4.0513914  2.47958513 3.62263244][0.44707866 1.73166266 2.74158829 ... 0.58269749 4.21442269 0.05706398][10.52580551 28.24582396  4.70330766 ...  3.99453111  8.0930369
 19.22031892][ 8.15889256  9.14205024 15.67297427 ...  5.98813048  1.96181641
  0.59303351][0.17848476 0.51758332 0.78994876 ... 0.38769874 1.95319025 3.2563944 ][26.11782841  1.89708205  3.41897511 ...  4.7528151   0.25732846
  4.7114875 ][0.32412788 2.71884298 0.82611933 ... 1.96038228 1.44123784 5.53911621][3.57833056 2.50658726 4.05381227 ... 8.2527384  1.13013484 0.42291037][6.38760933 1.64764057 3.78631309 ... 0.46355344 7.72633044 8.51634826][0.05259629 1.71551489 1.00550088 ... 0.48453633 0.26111675 2.05077223][ 0.21980013 26.75220507  3.52338593 ...  9.96926278  8.04531006
 19.37853465][0.94430498 0.74760317 1.58955351 ... 2.5160065  0.68907948 6.51938397][1.70045391 1.07183604 6.8345753  ... 2.60918617 1.64659327 2.69527962][ 2.51596841  6.98558499  2.68428467 ... 22.47045879  0.56460214
  6.21417595][2.76196574 3.68357777 4.28081824 ... 1.47837432 7.84902559 7.06320968][ 4.19744671  5.79815105  1.48204126 ... 28.92797845  1.7398844
  4.75043565][1.79782708 0.83553585 6.93810195 ... 2.2323557  7.32852665 6.17009694][ 0.71053185  8.77545185  3.10411341 ...  0.52445485  6.81482813
 12.83435595][5.12839708 3.89706839 2.82748734 ... 3.16707166 1.16480464 2.16784954][0.19753575 1.38831638 0.05929685 ... 3.92607636 0.14261883 3.14333265][1.29285695 1.41465176 0.0614675  ... 0.10838722 2.87805244 0.56777473][0.26039154 2.63368737 8.10169542 ... 1.09973287 1.09742723 4.94502236][0.10441452 1.41094272 2.69923187 ... 3.92889294 2.42925539 1.03960026][0.65561526 1.16581005 0.63336449 ... 0.42770364 0.01595262 0.41938888][14.06593553  8.53588304  0.86794628 ...  6.82868908  2.47060863
  1.96421674][0.32517757 3.8150029  0.48435183 ... 0.14983071 4.17978739 2.07102175][13.46284143  3.07706346  2.38259217 ...  0.37234243  1.73222574
 17.4937889 ][0.96991739 1.65808606 1.17564346 ... 1.31261531 2.11383397 0.15265033][3.5435209  5.10481303 3.73990473 ... 1.43285737 2.86680304 1.20119316][1.93258889 0.11769782 6.89968127 ... 1.25795601 3.92059537 9.06470659][11.85101196  5.12900921  1.75650058 ...  8.39150912  2.19720392
  2.14414912][1.95143382 3.07242074 1.56438538 ... 0.05452246 0.80803446 2.40503871][ 1.37466657  2.10696932 12.09511974 ...  2.8513439   3.86754063
  3.29880363][0.13464703 2.36882108 0.14992622 ... 1.70794794 4.95099034 1.01615868][0.26349414 1.52499565 3.60519545 ... 0.37748358 1.04330184 0.44967646][ 4.75031081 11.76832314 21.96369705 ...  3.30962922  0.43756283
  2.84886774][ 0.32458311  4.54911496  2.55470388 ...  0.46567456  7.80972497
 14.06493306][2.0235583  0.67758665 1.27288539 ... 1.65057349 1.33997053 0.34992851][ 4.55402365 15.19573026  8.88077973 ...  0.26492743  0.48943604
  4.80931177][1.79155537 0.50165938 9.22168497 ... 0.78763399 1.27613299 6.39027769][ 7.02723818  0.99271507 10.27235389 ...  0.7799236   3.71314738
  1.87614747][ 8.72067668  2.24538491  0.48796134 ... 26.81876934  8.98688428
  7.62294752][0.39436701 2.56957077 0.73477637 ... 1.74884102 7.18813124 3.21392592][1.14324791 3.60528405 7.61865053 ... 3.04477211 7.81464827 2.18501957][6.20869906 2.59779996 0.42402635 ... 1.98255801 1.89206544 4.94465282][0.06053005 9.23721209 3.53842635 ... 4.06051487 2.28858452 0.38075301][13.22219256  2.43222346  3.71039645 ... 17.46573876  8.41450405
  6.2320609 ][11.21739033  0.48073354  3.90687031 ... 17.58655995 15.83766626
  7.5667178 ][12.82267124  3.28862324  3.04904136 ...  3.68089693  4.15190768
  3.69180747][0.96289419 1.85142199 7.05218083 ... 1.02175201 1.82782236 0.25940167][5.70890968 2.36884558 3.97404259 ... 2.48562233 5.48830889 1.25507941][ 8.50431018  0.32557484  2.12324468 ... 12.25166144  2.17565494
  1.86292276][3.42562123 1.10371726 6.92900839 ... 6.75738753 0.06955592 1.15996638][1.61631433 5.62623419 0.52484172 ... 0.52533901 0.21502613 0.29950092][ 1.45559921  5.04147294 16.24540896 ...  0.18217052  4.15673986
  0.6488187 ][3.01379149 4.01938076 5.32192461 ... 3.06218458 0.64464727 2.71510125][ 0.35966671  0.73116833 10.72447863 ...  0.74078423  1.54969699
  2.37565967][ 6.50644362  6.4374775   8.63035711 ...  3.35155137 10.95372698
  6.17495733][14.35680357  1.6542991   6.46827436 ...  6.00567709  0.30433018
  4.71867962][ 1.52919289 21.33331339  5.96740762 ...  4.70096019  6.42421591
  5.12550941][ 2.02488506 11.67503011  6.77802003 ...  7.69816251  5.10777406
 10.63958335][16.50800862  0.14721795  1.44347877 ...  3.24196459  2.61885001
  2.90257653][2.18011418 3.46551586 8.58337486 ... 3.33243062 1.76557438 0.15166445][ 0.95887512  7.17751583  2.38711336 ... 16.58358204  0.38835161
  1.6988599 ][ 2.11239309 26.74673364 19.8199878  ...  3.85163589  7.758409
  0.2868488 ][4.41672764 0.62015645 0.14368752 ... 2.39803523 0.73483422 1.54951441][2.76302109 2.95116231 1.62447858 ... 6.73595013 0.3980747  3.93301282][15.65112417  2.60707991 10.56567556 ...  2.30964623 17.95638513
  0.81831318][4.5824614  1.15087404 1.3508526  ... 2.16866189 1.79548802 2.00962926][0.6824204  0.03881145 1.9234709  ... 1.27270665 1.75481994 4.84081872][13.50353933  0.36455383  4.17454733 ... 10.63505972  1.43799603
  1.20255795][ 1.24820909 12.27510125  7.32934818 ...  3.20301671  2.47648546
  1.70175066][1.76786603 0.31434872 1.93537233 ... 0.73920576 1.40225138 1.43626247][ 0.57123136  8.53921532  5.4993624  ...  3.91310554 10.9727036
  3.81585456][4.97085482 3.58790194 2.16912292 ... 2.19728098 0.19735587 2.36673386][1.61794106 9.87651823 1.49430911 ... 0.76547191 5.95174225 1.95900614][ 1.05682386  2.37732919 11.05074305 ...  9.50807542 26.54460393
 20.77515786][3.7490766  0.85468386 2.97160343 ... 0.47231848 0.34341363 6.36679827][13.25942219  4.97059848  2.11987616 ...  2.62141413  1.42073201
 27.94212045][1.46905629 1.53697064 1.02774533 ... 0.27420895 1.30895523 0.45461057][10.78235756  2.45820597  2.3302613  ...  0.36114949  3.57817398
  1.28452116][12.51398557  1.46638474  0.89741289 ...  2.02297856  0.83076018
  0.09465514][2.19737589 1.80526062 4.47159171 ... 0.91603356 1.38370878 0.79713338][2.69633756 1.41259747 1.45307676 ... 5.21290899 1.1440172  0.07446335][15.64436625  4.02727764  6.43148277 ... 17.04161501  6.0700779
  2.36034393][ 1.32715873 11.09929854  5.22590841 ...  5.02477334 10.99523311
 29.53948024][1.72313444 0.3166227  2.16555722 ... 0.34692359 1.30526669 6.00960503][ 0.24250626  7.61208575  9.83194868 ...  3.13853594  9.35581253
 10.64425981][1.17174457 3.05393039 0.1996882  ... 0.62863742 2.12415146 0.63751882][0.71340672 0.0035351  0.08791449 ... 1.29809611 0.26016447 0.30220356][0.89377604 1.89816427 1.79582256 ... 2.85505303 0.36190794 3.33670902][3.57196048 0.51945044 5.60705888 ... 1.20549229 1.48582214 7.35336993][11.97029717 11.93179069  3.55632687 ...  6.25265836  1.56521377
  7.25535138][3.82468349 2.24257637 5.01129661 ... 0.29487294 2.4042064  2.81340173][25.54875142  2.76065362  0.1373947  ...  2.6791082   1.46100586
  0.9204171 ][ 0.42803113  5.19310845  1.84842189 ...  3.38834511 11.04507286
  1.84754769][ 1.2063657   3.80968966  4.54474625 ...  4.38648948  1.63091246
 29.81558613][1.24566191 2.32885064 5.13865067 ... 7.99409645 0.81194275 3.37899639][ 4.66184922  0.39773038 16.93650942 ...  2.57071569  0.02236467
  4.39607468][ 6.12570028  4.27282662  1.47255464 ...  2.88373058 19.73062047
  5.05345073][ 0.19584009  2.98176805  0.05008205 ...  7.96030705 15.13815211
  6.29479531][0.95267882 1.03447566 4.34091964 ... 7.15725674 0.07011527 0.25153838][18.92828515 15.85500613  1.6020345  ...  8.09830134  7.27200406
  1.916594  ][ 6.90069608 16.41976219  1.01845503 ...  5.18992403  1.0180866
  1.31997285][1.03596546e+00 5.14099761e+00 4.17412569e+00 ... 1.25787298e-03
 3.31183702e+00 7.56327510e-01][ 8.6738457  11.30336251  9.78205302 ... 26.11584105  0.72285297
 14.03102709][ 2.57748066  1.49173131  0.55346066 ...  1.93101931 11.38915937
  0.65121785][2.77016271 5.84217202 1.31382382 ... 0.26757559 0.84689521 3.16821241][ 0.92718561  6.51879402 11.06452953 ... 10.74371574  0.64319653
  0.19487716][3.12139423 3.9826133  0.62679001 ... 2.56692268 2.29382278 5.67181699][1.38404408 1.08250657 3.43115972 ... 7.09416594 6.79944983 0.02619372][3.39794634 3.68768895 1.99418051 ... 0.35102001 3.71359606 0.47864842][0.87775153 3.46627873 9.07187576 ... 3.79621055 4.04294276 2.67307439][ 2.34871184  1.98683789 19.7843514  ...  0.44988165 18.57153236
  6.19886288][1.28619144 1.1638569  0.11134926 ... 1.70147281 1.20068467 0.51579696][0.30987494 0.93163987 0.33255777 ... 0.36396154 0.28547837 0.01829637][0.697047   2.02467748 0.66700548 ... 0.80978197 0.83661964 3.41314316][0.67397149 1.28130647 1.36875257 ... 1.1744925  2.57645756 2.92396731][ 2.7948783   7.83454509 15.84979664 ...  9.50088169  4.08377668
  6.05519325][0.77513217 5.80203889 4.9565205  ... 1.02313636 2.15740459 8.35696079][2.58019071 5.57644462 2.95935778 ... 0.40542471 3.36285159 1.14321631][ 5.22503178  3.90003374 22.58718553 ... 15.58728346 43.59752937
  0.17548076][9.3069573  8.84704375 0.39496709 ... 0.549416   7.49375544 2.69378885][6.33743625 1.17201553 4.63759721 ... 0.95771907 4.80941979 3.73991936][ 2.01173658  2.87348716  6.66975515 ...  4.52321199  6.95221919
 30.37467397][3.24414617 0.4310391  2.77396503 ... 3.19219991 2.83157697 0.99433913][ 3.91208049  2.26294437  2.99879361 ...  8.05164265 12.23462723
 16.26376071][0.52862524 0.81719936 0.70667495 ... 0.21042361 2.15922119 0.06403768][ 8.29594056  6.2760941   0.39979872 ...  6.34337306  9.42959685
 21.80120524][ 3.14714509  5.64184841  1.75122055 ...  5.06813038 24.684121
  8.61102361][ 1.21299148  1.77749112  1.22103125 ...  1.01148432 34.31534878
  0.14433962][0.78654097 2.43218951 0.92479429 ... 0.17817578 0.21919372 0.70132875][ 3.89454238 15.82142277  1.95181924 ... 12.23325686  1.81120555
 14.78427511][ 1.63016587 65.70079092 15.81102347 ...  1.31962489  0.36480716
  7.75167792][4.4317038  1.4194697  5.19633744 ... 0.75559678 3.69010987 2.62528365][0.72044185 1.54601752 0.07784434 ... 1.38035795 0.71424609 0.88004755][ 9.04858842  7.15746884  4.6162667  ... 25.69230801  3.08471177
  6.46334586][5.89188356 9.05656328 4.11081727 ... 1.64902317 0.39338953 3.90159285][ 6.78743493  2.84619084  4.34813875 ...  5.32937099  6.1840721
 19.70997152][2.29564511 0.33297377 0.81999741 ... 0.50783673 3.39283141 1.32390511][0.36295507 0.18674391 1.10831826 ... 2.98879097 0.00702767 0.86585798][1.76852496 1.06213361 1.39887037 ... 1.73369786 0.19992679 1.74788687][ 7.34952483  5.77188438  0.93908033 ... 11.58859972  1.54472767
  5.01665037][1.76505637 0.54544809 6.21468299 ... 6.73147433 4.22643597 1.60640563][ 6.70559619 11.6756017   5.02794938 ... 17.21722734 11.86077572
  3.77260647][ 2.81225896  2.11966262  1.97375158 ... 13.44909671 17.61732872
  3.41106682][ 0.12703225  8.12762334  9.44583583 ... 10.95052606 19.32688841
  0.43472293][9.76819862 3.78658522 9.41268991 ... 5.58983908 3.00328691 3.56428172][ 4.0963904   9.71445027  7.07364392 ... 10.9759144  12.5466052
  3.30658752][1.05118694 2.56951194 0.05705282 ... 0.95639035 0.81068592 0.17166837][26.98602667  7.08152577 14.74243075 ...  1.52220532 16.97420276
  6.67008784][0.5943343  0.2548174  1.17810747 ... 1.18314443 2.87199941 0.3777263 ][ 4.86568599  5.43002327  0.13059063 ...  0.61057093 11.79946734
  2.54719591][ 0.27162296 20.63271952 12.62478559 ...  2.1071736  12.42167456
  6.01333062][ 4.70125388 12.88442782  4.8836443  ...  9.79245391  6.14408117
  0.54131199][ 2.95726743  1.43039641  0.48771555 ... 32.72051553 17.57833277
  5.13108682][ 0.14577873  7.4726231   2.26707222 ... 34.66273939  3.83341145
 22.49791185][ 2.33541481  0.32545554  2.17544732 ...  8.78771503  5.04565211
 22.81513475][ 9.05365778  3.34349085  9.96295757 ...  3.03035038  1.93023136
 12.93112905][1.53888564 2.01697695 4.08222824 ... 0.6663549  0.97745839 4.65093897]