1.095163442294863287e+01
3.305203468979319581e+01
1.465577051367578463e+02
2.735300200133422095e+02
4.415336891260840844e+02
1.607638425617077971e+01
5.650433622414943358e+01
1.363602401601067413e+02
2.583422281521014270e+02
4.420016677785189927e+02
1.087558372248165384e+01
4.801601067378252452e+01
1.410406937958639162e+02
2.757898599066044198e+02
4.434096064042695389e+02
1.446997998665777097e+01
4.489392928619079726e+01
1.335390260173448951e+02
2.599656437625083640e+02
4.422388258839226296e+02
1.168045363575717133e+01
4.688458972648432166e+01
1.350170113408939301e+02
2.824536357571714689e+02
4.397621747831888115e+02
