2.266666666666666552e-01 2.266666666666666552e-01 2.533333333333332993e-01 2.000000000000000111e-01 2.133333333333333193e-01 2.133333333333333193e-01 2.266666666666666552e-01
2.476190476190476275e-01 2.380952380952380820e-01 2.476190476190476275e-01 2.000000000000000111e-01 2.000000000000000111e-01 2.095238095238095288e-01 2.095238095238095288e-01
2.500000000000000000e-01 2.357142857142857095e-01 2.357142857142857095e-01 2.071428571428571563e-01 2.000000000000000111e-01 2.071428571428571563e-01 2.071428571428571563e-01
2.500000000000000000e-01 2.333333333333333370e-01 2.277777777777777735e-01 2.055555555555555469e-01 2.000000000000000111e-01 2.055555555555555469e-01 2.055555555555555469e-01
2.363636363636363869e-01 2.145454545454545392e-01 2.072727272727272751e-01 2.072727272727272751e-01 2.000000000000000111e-01 2.072727272727272751e-01 2.036363636363636154e-01
2.666666666666666630e-01 2.399999999999999911e-01 2.399999999999999911e-01 2.000000000000000111e-01 2.000000000000000111e-01 2.133333333333333193e-01 2.000000000000000111e-01
2.476190476190476275e-01 2.380952380952380820e-01 2.380952380952380820e-01 2.000000000000000111e-01 2.000000000000000111e-01 2.095238095238095288e-01 2.095238095238095288e-01
2.571428571428571730e-01 2.357142857142857095e-01 2.357142857142857095e-01 2.071428571428571563e-01 2.000000000000000111e-01 2.142857142857142738e-01 2.071428571428571563e-01
2.388888888888888729e-01 2.222222222222222376e-01 2.222222222222222376e-01 2.000000000000000111e-01 2.055555555555555469e-01 2.055555555555555469e-01 2.111111111111111105e-01
2.399999999999999911e-01 2.290909090909090950e-01 2.254545454545454353e-01 2.036363636363636154e-01 2.036363636363636154e-01 2.036363636363636154e-01 2.072727272727272751e-01
2.533333333333332993e-01 2.399999999999999911e-01 2.399999999999999911e-01 2.000000000000000111e-01 2.133333333333333193e-01 2.133333333333333193e-01 2.133333333333333193e-01
2.666666666666666630e-01 2.476190476190476275e-01 2.476190476190476275e-01 2.000000000000000111e-01 2.095238095238095288e-01 2.190476190476190743e-01 2.190476190476190743e-01
2.642857142857142905e-01 2.428571428571428270e-01 2.285714285714285643e-01 2.071428571428571563e-01 2.000000000000000111e-01 2.071428571428571563e-01 2.071428571428571563e-01
2.500000000000000000e-01 2.444444444444444642e-01 2.388888888888888729e-01 2.055555555555555469e-01 2.111111111111111105e-01 2.111111111111111105e-01 2.111111111111111105e-01
2.472727272727272552e-01 2.327272727272727271e-01 2.290909090909090950e-01 2.072727272727272751e-01 2.109090909090908794e-01 2.109090909090908794e-01 2.109090909090908794e-01
2.666666666666666630e-01 2.533333333333332993e-01 2.533333333333332993e-01 2.000000000000000111e-01 2.000000000000000111e-01 2.133333333333333193e-01 2.133333333333333193e-01
2.666666666666666630e-01 2.476190476190476275e-01 2.571428571428571730e-01 2.095238095238095288e-01 2.000000000000000111e-01 2.095238095238095288e-01 2.095238095238095288e-01
2.500000000000000000e-01 2.285714285714285643e-01 2.214285714285714468e-01 2.071428571428571563e-01 2.000000000000000111e-01 2.071428571428571563e-01 2.142857142857142738e-01
2.388888888888888729e-01 2.333333333333333370e-01 2.277777777777777735e-01 2.055555555555555469e-01 2.000000000000000111e-01 2.055555555555555469e-01 2.055555555555555469e-01
2.436363636363636509e-01 2.218181818181818310e-01 2.218181818181818310e-01 2.109090909090908794e-01 2.036363636363636154e-01 2.109090909090908794e-01 2.145454545454545392e-01
2.666666666666666630e-01 2.533333333333332993e-01 2.533333333333332993e-01 2.000000000000000111e-01 2.000000000000000111e-01 2.133333333333333193e-01 2.133333333333333193e-01
2.380952380952380820e-01 2.285714285714285643e-01 2.285714285714285643e-01 2.000000000000000111e-01 2.000000000000000111e-01 2.095238095238095288e-01 2.095238095238095288e-01
2.571428571428571730e-01 2.500000000000000000e-01 2.500000000000000000e-01 2.071428571428571563e-01 2.142857142857142738e-01 2.142857142857142738e-01 2.142857142857142738e-01
2.388888888888888729e-01 2.277777777777777735e-01 2.222222222222222376e-01 2.055555555555555469e-01 2.000000000000000111e-01 2.055555555555555469e-01 2.055555555555555469e-01
2.363636363636363869e-01 2.254545454545454353e-01 2.254545454545454353e-01 2.036363636363636154e-01 2.036363636363636154e-01 2.036363636363636154e-01 2.072727272727272751e-01
