1.533333333333333437e+00 1.199999999999999956e+00 5.999999999999999778e-01 5.999999999999999778e-01 8.666666666666665853e-01 1.133333333333333304e+00 1.399999999999999911e+00 8.666666666666665853e-01 9.333333333333333481e-01 1.466666666666666563e+00 4.000000000000000222e-01 1.133333333333333304e+00 8.666666666666665853e-01 6.666666666666667407e-01 5.333333333333333259e-01
2.680000000000000160e+00 1.979999999999999982e+00 7.600000000000000089e-01 6.799999999999999378e-01 5.599999999999999423e-01 6.599999999999999201e-01 1.080000000000000071e+00 7.399999999999999911e-01 5.999999999999999778e-01 1.180000000000000160e+00 7.600000000000000089e-01 6.400000000000000133e-01 8.000000000000000444e-01 5.999999999999999778e-01 5.799999999999999600e-01
2.392857142857142794e+00 1.621428571428571441e+00 9.285714285714286031e-01 5.285714285714285809e-01 4.214285714285714302e-01 4.785714285714285365e-01 7.571428571428571175e-01 6.142857142857143238e-01 5.071428571428571175e-01 6.285714285714285587e-01 7.714285714285714635e-01 4.928571428571428825e-01 5.071428571428571175e-01 4.857142857142856540e-01 4.571428571428571286e-01
2.058181818181818112e+00 1.530909090909090775e+00 8.545454545454544970e-01 5.236363636363636775e-01 3.963636363636363624e-01 4.945454545454545103e-01 6.109090909090909571e-01 5.963636363636364290e-01 4.181818181818181546e-01 5.963636363636364290e-01 5.345454545454545459e-01 4.363636363636363424e-01 4.072727272727272307e-01 3.709090909090909105e-01 5.054545454545454897e-01
1.887912087912087866e+00 1.279120879120879239e+00 7.318681318681318215e-01 5.318681318681318659e-01 4.395604395604396086e-01 4.769230769230768940e-01 5.428571428571429269e-01 5.450549450549451169e-01 4.549450549450549386e-01 5.538461538461538769e-01 5.252747252747252960e-01 4.087912087912087822e-01 4.307692307692307376e-01 3.802197802197802012e-01 3.978021978021978322e-01
1.066666666666666652e+00 8.666666666666665853e-01 6.666666666666667407e-01 9.333333333333333481e-01 7.333333333333332815e-01 5.999999999999999778e-01 9.333333333333333481e-01 7.333333333333332815e-01 8.000000000000000444e-01 1.000000000000000000e+00 8.000000000000000444e-01 8.000000000000000444e-01 8.000000000000000444e-01 9.333333333333333481e-01 5.999999999999999778e-01
1.680000000000000160e+00 1.080000000000000071e+00 6.599999999999999201e-01 9.199999999999999289e-01 5.599999999999999423e-01 6.599999999999999201e-01 5.000000000000000000e-01 7.199999999999999734e-01 5.999999999999999778e-01 6.400000000000000133e-01 7.600000000000000089e-01 6.599999999999999201e-01 5.999999999999999778e-01 5.599999999999999423e-01 5.400000000000000355e-01
1.971428571428571530e+00 1.435714285714285721e+00 8.857142857142857872e-01 7.142857142857143016e-01 4.857142857142856540e-01 4.428571428571428936e-01 6.500000000000000222e-01 6.071428571428570953e-01 5.714285714285713969e-01 5.785714285714285143e-01 4.428571428571428936e-01 4.714285714285714191e-01 4.428571428571428936e-01 4.071428571428571397e-01 3.642857142857142683e-01
1.745454545454545370e+00 1.116363636363636447e+00 6.981818181818181257e-01 5.927272727272727693e-01 5.236363636363636775e-01 3.927272727272727026e-01 4.436363636363636620e-01 4.872727272727273018e-01 4.218181818181817588e-01 4.909090909090909061e-01 4.327272727272727382e-01 4.181818181818181546e-01 4.254545454545454741e-01 3.599999999999999867e-01 3.272727272727272707e-01
1.890109890109890056e+00 1.235164835164835218e+00 7.230769230769230616e-01 5.186813186813187260e-01 4.329670329670329276e-01 5.340659340659340559e-01 5.890109890109890278e-01 5.054945054945054750e-01 4.285714285714285476e-01 5.999999999999999778e-01 5.296703296703296759e-01 4.021978021978022122e-01 3.824175824175824467e-01 3.648351648351648158e-01 3.472527472527472403e-01
2.866666666666666696e+00 1.333333333333333481e+00 1.666666666666666741e+00 1.199999999999999956e+00 1.266666666666666607e+00 1.533333333333333437e+00 1.466666666666666563e+00 1.333333333333333481e+00 9.333333333333333481e-01 1.199999999999999956e+00 1.533333333333333437e+00 1.533333333333333437e+00 1.333333333333333481e+00 1.266666666666666607e+00 1.133333333333333304e+00
2.020000000000000018e+00 1.119999999999999885e+00 8.000000000000000444e-01 4.799999999999999822e-01 5.000000000000000000e-01 3.800000000000000044e-01 5.400000000000000355e-01 6.999999999999999556e-01 5.000000000000000000e-01 2.799999999999999711e-01 4.799999999999999822e-01 3.800000000000000044e-01 2.600000000000000089e-01 4.400000000000000577e-01 4.799999999999999822e-01
1.649999999999999911e+00 9.142857142857142572e-01 5.500000000000000444e-01 5.642857142857142794e-01 4.857142857142856540e-01 4.714285714285714191e-01 4.714285714285714191e-01 5.142857142857143460e-01 3.499999999999999778e-01 3.857142857142857317e-01 4.714285714285714191e-01 4.785714285714285365e-01 3.642857142857142683e-01 4.214285714285714302e-01 4.785714285714285365e-01
1.850909090909090837e+00 1.218181818181818254e+00 5.781818181818182412e-01 5.018181818181818299e-01 4.727272727272727737e-01 4.181818181818181546e-01 5.818181818181817899e-01 6.872727272727272574e-01 4.472727272727272663e-01 6.436363636363636731e-01 6.036363636363636376e-01 5.599999999999999423e-01 3.854545454545454386e-01 4.181818181818181546e-01 4.836363636363635865e-01
1.883516483516483486e+00 1.287912087912087999e+00 7.956043956043956644e-01 5.076923076923076650e-01 4.065934065934065922e-01 4.439560439560439886e-01 5.318681318681318659e-01 5.230769230769231060e-01 4.351648351648351176e-01 5.516483516483516869e-01 5.428571428571429269e-01 4.483516483516483686e-01 3.978021978021978322e-01 3.714285714285714413e-01 4.065934065934065922e-01
1.466666666666666563e+00 1.199999999999999956e+00 9.333333333333333481e-01 5.999999999999999778e-01 7.333333333333332815e-01 9.333333333333333481e-01 8.666666666666665853e-01 5.333333333333333259e-01 5.999999999999999778e-01 6.666666666666667407e-01 5.999999999999999778e-01 5.999999999999999778e-01 7.333333333333332815e-01 2.666666666666666630e-01 1.066666666666666652e+00
1.340000000000000080e+00 1.119999999999999885e+00 9.199999999999999289e-01 6.599999999999999201e-01 5.799999999999999600e-01 6.799999999999999378e-01 6.199999999999999956e-01 6.999999999999999556e-01 5.200000000000000178e-01 5.999999999999999778e-01 7.600000000000000089e-01 5.799999999999999600e-01 4.599999999999999645e-01 3.800000000000000044e-01 5.400000000000000355e-01
1.507142857142857117e+00 1.085714285714285854e+00 8.785714285714286698e-01 4.357142857142856651e-01 4.357142857142856651e-01 5.357142857142856984e-01 4.714285714285714191e-01 5.000000000000000000e-01 4.071428571428571397e-01 5.071428571428571175e-01 4.214285714285714302e-01 3.785714285714285587e-01 4.071428571428571397e-01 3.499999999999999778e-01 3.857142857142857317e-01
1.523636363636363678e+00 1.080000000000000071e+00 7.018181818181818965e-01 4.836363636363635865e-01 4.181818181818181546e-01 5.127272727272726982e-01 4.109090909090909460e-01 4.799999999999999822e-01 4.254545454545454741e-01 4.618181818181817944e-01 4.145454545454545503e-01 4.000000000000000222e-01 3.272727272727272707e-01 3.054545454545454786e-01 4.254545454545454741e-01
1.857142857142857206e+00 1.219780219780219666e+00 8.241758241758241343e-01 4.857142857142856540e-01 4.043956043956044022e-01 4.747252747252747040e-01 5.318681318681318659e-01 4.967032967032967150e-01 4.505494505494505586e-01 5.648351648351648269e-01 5.296703296703296759e-01 4.175824175824175977e-01 4.021978021978022122e-01 4.087912087912087822e-01 3.978021978021978322e-01
1.866666666666666696e+00 9.333333333333333481e-01 1.199999999999999956e+00 8.666666666666665853e-01 5.999999999999999778e-01 9.333333333333333481e-01 1.266666666666666607e+00 6.666666666666667407e-01 5.333333333333333259e-01 7.333333333333332815e-01 8.000000000000000444e-01 1.133333333333333304e+00 7.333333333333332815e-01 5.333333333333333259e-01 5.999999999999999778e-01
2.120000000000000107e+00 1.680000000000000160e+00 9.400000000000000577e-01 7.399999999999999911e-01 5.599999999999999423e-01 5.400000000000000355e-01 8.599999999999999867e-01 4.799999999999999822e-01 6.400000000000000133e-01 1.060000000000000053e+00 8.599999999999999867e-01 6.599999999999999201e-01 7.399999999999999911e-01 5.200000000000000178e-01 5.400000000000000355e-01
2.049999999999999822e+00 1.342857142857142971e+00 6.857142857142857206e-01 6.142857142857143238e-01 3.428571428571428603e-01 4.000000000000000222e-01 6.071428571428570953e-01 5.357142857142856984e-01 3.928571428571428492e-01 7.071428571428570731e-01 5.142857142857143460e-01 4.000000000000000222e-01 4.214285714285714302e-01 4.285714285714285476e-01 2.857142857142856984e-01
1.836363636363636420e+00 1.280000000000000027e+00 7.127272727272726538e-01 4.836363636363635865e-01 3.781818181818181746e-01 4.472727272727272663e-01 5.454545454545454142e-01 4.981818181818181701e-01 4.254545454545454741e-01 6.290909090909091450e-01 4.763636363636363780e-01 3.490909090909090629e-01 4.509090909090908705e-01 4.072727272727272307e-01 3.127272727272727426e-01
1.854945054945055016e+00 1.246153846153846168e+00 7.516483516483516425e-01 4.989010989010989050e-01 3.802197802197802012e-01 4.681318681318681341e-01 5.472527472527473069e-01 5.318681318681318659e-01 4.153846153846154077e-01 5.582417582417582569e-01 5.318681318681318659e-01 3.978021978021978322e-01 3.956043956043956422e-01 3.604395604395604358e-01 3.934065934065933967e-01
